kx	ky	Q3(up)
0.201694	0.349345	0.179392
0.212899	0.355814	0.179683
0.224105	0.362283	0.180543
0.23531	0.368753	0.181908
0.246515	0.375222	0.183659
0.25772	0.381691	0.185622
0.268926	0.388161	0.187574
0.280131	0.39463	0.189252
0.291336	0.401099	0.190394
0.302541	0.407569	0.190801
0.112052	0.29759	0.190395
0.123258	0.304059	0.189252
0.134463	0.310529	0.187574
0.145668	0.316998	0.185622
0.156873	0.323467	0.183659
0.168078	0.329937	0.181908
0.179284	0.336406	0.180544
0.190489	0.342875	0.179684
0.201694	0.362283	0.179684
0.212899	0.368753	0.180261
0.224105	0.375222	0.181376
0.23531	0.381691	0.182944
0.246515	0.388161	0.18482
0.25772	0.39463	0.186805
0.268926	0.401099	0.188652
0.280131	0.407569	0.190091
0.291336	0.414038	0.190884
0.302541	0.420507	0.190884
0.112052	0.310529	0.190092
0.123258	0.316998	0.188652
0.134463	0.323467	0.186805
0.145668	0.329937	0.18482
0.156873	0.336406	0.182944
0.168078	0.342875	0.181376
0.179284	0.349345	0.18026
0.190489	0.355814	0.179683
0.201694	0.375222	0.180544
0.212899	0.381691	0.181376
0.224105	0.388161	0.182704
0.23531	0.39463	0.18442
0.246515	0.401099	0.186358
0.25772	0.407569	0.188292
0.268926	0.414038	0.189959
0.280131	0.420507	0.191095
0.291336	0.426977	0.191499
0.302541	0.433446	0.191095
0.112052	0.323467	0.189959
0.123258	0.329937	0.188292
0.134463	0.336406	0.186358
0.145668	0.342875	0.18442
0.156873	0.349345	0.182704
0.168078	0.355814	0.181376
0.179284	0.362283	0.180543
0.190489	0.368753	0.180261
0.201694	0.388161	0.181908
0.212899	0.39463	0.182944
0.224105	0.401099	0.18442
0.23531	0.407569	0.186212
0.246515	0.414038	0.188131
0.25772	0.420508	0.18993
0.268926	0.426977	0.191335
0.280131	0.433446	0.19211
0.291336	0.439916	0.19211
0.302541	0.446385	0.191336
0.112052	0.336406	0.189929
0.123258	0.342875	0.188131
0.134463	0.349345	0.186212
0.145668	0.355814	0.18442
0.156873	0.362283	0.182944
0.168078	0.368753	0.181908
0.179284	0.375222	0.181376
0.190489	0.381691	0.181376
0.201694	0.401099	0.183658
0.212899	0.407569	0.18482
0.224105	0.414038	0.186358
0.23531	0.420507	0.188131
0.246515	0.426977	0.18993
0.25772	0.433446	0.191493
0.268926	0.439915	0.192561
0.280131	0.446385	0.192942
0.291336	0.452854	0.192561
0.302541	0.459323	0.191493
0.112052	0.349345	0.18993
0.123258	0.355814	0.188131
0.134463	0.362283	0.186357
0.145668	0.368753	0.18482
0.156873	0.375222	0.183659
0.168078	0.381691	0.182944
0.179284	0.388161	0.182704
0.190489	0.39463	0.182944
0.201694	0.414038	0.185622
0.212899	0.420507	0.186805
0.224105	0.426977	0.188292
0.23531	0.433446	0.18993
0.246515	0.439916	0.191493
0.25772	0.446385	0.192728
0.268926	0.452854	0.193412
0.280131	0.459324	0.193411
0.291336	0.465793	0.192728
0.302541	0.472262	0.191493
0.112052	0.362283	0.18993
0.123258	0.368753	0.188292
0.134463	0.375222	0.186805
0.145668	0.381691	0.185622
0.156873	0.388161	0.18482
0.168078	0.39463	0.18442
0.179284	0.401099	0.18442
0.190489	0.407569	0.18482
0.201694	0.426977	0.187574
0.212899	0.433446	0.188652
0.224105	0.439915	0.18996
0.23531	0.446385	0.191336
0.246515	0.452854	0.192561
0.25772	0.459323	0.193411
0.268926	0.465793	0.193716
0.280131	0.472262	0.193411
0.291336	0.478731	0.192561
0.302541	0.485201	0.191336
0.112052	0.375222	0.189959
0.123258	0.381691	0.188652
0.134463	0.388161	0.187573
0.145668	0.39463	0.186805
0.156873	0.401099	0.186357
0.168078	0.407569	0.186212
0.179284	0.414038	0.186357
0.190489	0.420507	0.186805
0.201694	0.439916	0.189252
0.212899	0.446385	0.190091
0.224105	0.452854	0.191095
0.23531	0.459324	0.19211
0.246515	0.465793	0.192941
0.25772	0.472262	0.193412
0.268926	0.478732	0.193411
0.280131	0.485201	0.192941
0.291336	0.49167	0.192109
0.302541	0.49814	0.191095
0.112052	0.388161	0.190092
0.123258	0.39463	0.189252
0.134463	0.401099	0.188652
0.145668	0.407569	0.188292
0.156873	0.414038	0.188131
0.168078	0.420507	0.188131
0.179284	0.426977	0.188292
0.190489	0.433446	0.188652
0.201694	0.452854	0.190394
0.212899	0.459323	0.190884
0.224105	0.465793	0.191499
0.23531	0.472262	0.192109
0.246515	0.478731	0.192561
0.25772	0.485201	0.192728
0.268926	0.49167	0.192561
0.280131	0.498139	0.19211
0.291336	0.504609	0.191499
0.302541	0.511078	0.190884
0.112052	0.401099	0.190394
0.123258	0.407569	0.190091
0.134463	0.414038	0.189959
0.145668	0.420507	0.189929
0.156873	0.426977	0.18993
0.168078	0.433446	0.189929
0.179284	0.439915	0.189959
0.190489	0.446385	0.190091
0.201694	0.465793	0.1908
0.212899	0.472262	0.190884
0.224105	0.478732	0.191095
0.23531	0.485201	0.191336
0.246515	0.49167	0.191493
0.25772	0.49814	0.191493
0.268926	0.504609	0.191336
0.280131	0.511078	0.191095
0.291336	0.517548	0.190884
0.302541	0.524017	0.190801
0.112052	0.414038	0.190884
0.123258	0.420507	0.191095
0.134463	0.426977	0.191336
0.145668	0.433446	0.191493
0.156873	0.439916	0.191493
0.168078	0.446385	0.191336
0.179284	0.452854	0.191095
0.190489	0.459324	0.190884
0.201694	0.245835	0.190394
0.212899	0.252305	0.190091
0.224105	0.258774	0.189959
0.23531	0.265243	0.189929
0.246515	0.271713	0.18993
0.25772	0.278182	0.18993
0.268926	0.284651	0.189959
0.280131	0.291121	0.190091
0.291336	0.29759	0.190394
0.302541	0.304059	0.190884
0.112052	0.194081	0.191498
0.123258	0.20055	0.19211
0.134463	0.207019	0.192561
0.145668	0.213488	0.192728
0.156873	0.219958	0.192561
0.168078	0.226427	0.192109
0.179284	0.232897	0.191499
0.190489	0.239366	0.190884
0.201694	0.258774	0.189252
0.212899	0.265243	0.188652
0.224105	0.271712	0.188292
0.23531	0.278182	0.188131
0.246515	0.284651	0.188132
0.25772	0.291121	0.188292
0.268926	0.29759	0.188652
0.280131	0.304059	0.189252
0.291336	0.310528	0.190091
0.302541	0.316998	0.191095
0.112052	0.207019	0.19211
0.123258	0.213488	0.192941
0.134463	0.219958	0.193411
0.145668	0.226427	0.193411
0.156873	0.232896	0.192941
0.168078	0.239366	0.192109
0.179284	0.245835	0.191095
0.190489	0.252304	0.190092
0.201694	0.271713	0.187574
0.212899	0.278182	0.186805
0.224105	0.284651	0.186358
0.23531	0.291121	0.186212
0.246515	0.29759	0.186358
0.25772	0.304059	0.186805
0.268926	0.310529	0.187574
0.280131	0.316998	0.188652
0.291336	0.323467	0.189959
0.302541	0.329937	0.191336
0.112052	0.219958	0.192561
0.123258	0.226427	0.193411
0.134463	0.232897	0.193716
0.145668	0.239366	0.193412
0.156873	0.245835	0.192561
0.168078	0.252305	0.191335
0.179284	0.258774	0.189959
0.190489	0.265243	0.188652
0.201694	0.284651	0.185622
0.212899	0.29112	0.18482
0.224105	0.29759	0.18442
0.23531	0.304059	0.18442
0.246515	0.310528	0.18482
0.25772	0.316998	0.185622
0.268926	0.323467	0.186805
0.280131	0.329937	0.188292
0.291336	0.336406	0.18993
0.302541	0.342875	0.191493
0.112052	0.232896	0.192728
0.123258	0.239366	0.193411
0.134463	0.245835	0.193411
0.145668	0.252304	0.192728
0.156873	0.258774	0.191493
0.168078	0.265243	0.18993
0.179284	0.271712	0.188292
0.190489	0.278182	0.186805
0.201694	0.29759	0.183659
0.212899	0.304059	0.182944
0.224105	0.310529	0.182704
0.23531	0.316998	0.182944
0.246515	0.323467	0.183658
0.25772	0.329937	0.18482
0.268926	0.336406	0.186358
0.280131	0.342875	0.188131
0.291336	0.349345	0.18993
0.302541	0.355814	0.191493
0.112052	0.245835	0.192561
0.123258	0.252305	0.192942
0.134463	0.258774	0.192561
0.145668	0.265243	0.191493
0.156873	0.271713	0.18993
0.168078	0.278182	0.188131
0.179284	0.284651	0.186358
0.190489	0.291121	0.18482
0.201694	0.310528	0.181908
0.212899	0.316998	0.181376
0.224105	0.323467	0.181376
0.23531	0.329937	0.181908
0.246515	0.336406	0.182944
0.25772	0.342875	0.18442
0.268926	0.349345	0.186212
0.280131	0.355814	0.188131
0.291336	0.362283	0.189929
0.302541	0.368753	0.191336
0.112052	0.258774	0.19211
0.123258	0.265243	0.19211
0.134463	0.271712	0.191335
0.145668	0.278182	0.18993
0.156873	0.284651	0.188131
0.168078	0.29112	0.186212
0.179284	0.29759	0.18442
0.190489	0.304059	0.182944
0.201694	0.323467	0.180543
0.212899	0.329937	0.18026
0.224105	0.336406	0.180543
0.23531	0.342875	0.181376
0.246515	0.349345	0.182704
0.25772	0.355814	0.18442
0.268926	0.362283	0.186358
0.280131	0.368753	0.188292
0.291336	0.375222	0.189959
0.302541	0.381691	0.191095
0.112052	0.271713	0.191499
0.123258	0.278182	0.191095
0.134463	0.284651	0.189959
0.145668	0.291121	0.188292
0.156873	0.29759	0.186358
0.168078	0.304059	0.18442
0.179284	0.310529	0.182704
0.190489	0.316998	0.181377
0.201694	0.336406	0.179684
0.212899	0.342875	0.179684
0.224105	0.349345	0.180261
0.23531	0.355814	0.181376
0.246515	0.362283	0.182944
0.25772	0.368753	0.18482
0.268926	0.375222	0.186805
0.280131	0.381691	0.188652
0.291336	0.388161	0.190091
0.302541	0.39463	0.190884
0.112052	0.284651	0.190884
0.123258	0.291121	0.190091
0.134463	0.29759	0.188652
0.145668	0.304059	0.186805
0.156873	0.310529	0.18482
0.168078	0.316998	0.182944
0.179284	0.323467	0.181376
0.190489	0.329937	0.18026
0.201694	0.582241	0.179392
0.212899	0.58871	0.179683
0.224105	0.59518	0.180543
0.23531	0.601649	0.181908
0.246515	0.608118	0.183659
0.25772	0.614588	0.185622
0.268926	0.621057	0.187574
0.280131	0.627527	0.189252
0.291336	0.633996	0.190394
0.302541	0.640465	0.190801
0.112052	0.530486	0.190395
0.123258	0.536956	0.189252
0.134463	0.543425	0.187574
0.145668	0.549894	0.185622
0.156873	0.556364	0.183659
0.168078	0.562833	0.181908
0.179284	0.569302	0.180544
0.190489	0.575772	0.179684
0.201694	0.59518	0.179684
0.212899	0.601649	0.180261
0.224105	0.608118	0.181376
0.23531	0.614588	0.182944
0.246515	0.621057	0.18482
0.25772	0.627527	0.186805
0.268926	0.633996	0.188652
0.280131	0.640465	0.190091
0.291336	0.646934	0.190884
0.302541	0.653404	0.190884
0.112052	0.543425	0.190092
0.123258	0.549894	0.188652
0.134463	0.556364	0.186805
0.145668	0.562833	0.18482
0.156873	0.569302	0.182944
0.168078	0.575772	0.181376
0.179284	0.582241	0.18026
0.190489	0.58871	0.179683
0.201694	0.608118	0.180544
0.212899	0.614588	0.181376
0.224105	0.621057	0.182704
0.23531	0.627527	0.18442
0.246515	0.633996	0.186358
0.25772	0.640465	0.188292
0.268926	0.646934	0.189959
0.280131	0.653404	0.191095
0.291336	0.659873	0.191499
0.302541	0.666343	0.191095
0.112052	0.556364	0.189959
0.123258	0.562833	0.188292
0.134463	0.569302	0.186358
0.145668	0.575772	0.18442
0.156873	0.582241	0.182704
0.168078	0.58871	0.181376
0.179284	0.59518	0.180543
0.190489	0.601649	0.180261
0.201694	0.621057	0.181908
0.212899	0.627527	0.182944
0.224105	0.633996	0.18442
0.23531	0.640465	0.186212
0.246515	0.646935	0.188131
0.25772	0.653404	0.18993
0.268926	0.659873	0.191335
0.280131	0.666343	0.19211
0.291336	0.672812	0.19211
0.302541	0.679281	0.191336
0.112052	0.569303	0.189929
0.123258	0.575772	0.188131
0.134463	0.582241	0.186212
0.145668	0.58871	0.18442
0.156873	0.59518	0.182944
0.168078	0.601649	0.181908
0.179284	0.608119	0.181376
0.190489	0.614588	0.181376
0.201694	0.633996	0.183658
0.212899	0.640465	0.18482
0.224105	0.646934	0.186358
0.23531	0.653404	0.188131
0.246515	0.659873	0.18993
0.25772	0.666343	0.191493
0.268926	0.672812	0.192561
0.280131	0.679281	0.192942
0.291336	0.68575	0.192561
0.302541	0.69222	0.191493
0.112052	0.582241	0.18993
0.123258	0.58871	0.188131
0.134463	0.59518	0.186357
0.145668	0.601649	0.18482
0.156873	0.608118	0.183659
0.168078	0.614588	0.182944
0.179284	0.621057	0.182704
0.190489	0.627526	0.182944
0.201694	0.646935	0.185622
0.212899	0.653404	0.186805
0.224105	0.659873	0.188292
0.23531	0.666343	0.18993
0.246515	0.672812	0.191493
0.25772	0.679281	0.192728
0.268926	0.685751	0.193412
0.280131	0.69222	0.193411
0.291336	0.698689	0.192728
0.302541	0.705159	0.191493
0.112052	0.59518	0.18993
0.123258	0.601649	0.188292
0.134463	0.608119	0.186805
0.145668	0.614588	0.185622
0.156873	0.621057	0.18482
0.168078	0.627527	0.18442
0.179284	0.633996	0.18442
0.190489	0.640465	0.18482
0.201694	0.659873	0.187574
0.212899	0.666342	0.188652
0.224105	0.672812	0.18996
0.23531	0.679281	0.191336
0.246515	0.68575	0.192561
0.25772	0.69222	0.193411
0.268926	0.698689	0.193716
0.280131	0.705159	0.193411
0.291336	0.711628	0.192561
0.302541	0.718097	0.191336
0.112052	0.608118	0.189959
0.123258	0.614588	0.188652
0.134463	0.621057	0.187573
0.145668	0.627526	0.186805
0.156873	0.633996	0.186357
0.168078	0.640465	0.186212
0.179284	0.646934	0.186357
0.190489	0.653404	0.186805
0.201694	0.672812	0.189252
0.212899	0.679281	0.190091
0.224105	0.685751	0.191095
0.23531	0.69222	0.19211
0.246515	0.698689	0.192941
0.25772	0.705159	0.193412
0.268926	0.711628	0.193411
0.280131	0.718097	0.192941
0.291336	0.724567	0.192109
0.302541	0.731036	0.191095
0.112052	0.621057	0.190092
0.123258	0.627527	0.189252
0.134463	0.633996	0.188652
0.145668	0.640465	0.188292
0.156873	0.646935	0.188131
0.168078	0.653404	0.188131
0.179284	0.659873	0.188292
0.190489	0.666343	0.188652
0.201694	0.68575	0.190394
0.212899	0.69222	0.190884
0.224105	0.698689	0.191499
0.23531	0.705159	0.192109
0.246515	0.711628	0.192561
0.25772	0.718097	0.192728
0.268926	0.724567	0.192561
0.280131	0.731036	0.19211
0.291336	0.737505	0.191499
0.302541	0.743975	0.190884
0.112052	0.633996	0.190394
0.123258	0.640465	0.190091
0.134463	0.646934	0.189959
0.145668	0.653404	0.189929
0.156873	0.659873	0.18993
0.168078	0.666342	0.189929
0.179284	0.672812	0.189959
0.190489	0.679281	0.190091
0.201694	0.698689	0.1908
0.212899	0.705159	0.190884
0.224105	0.711628	0.191095
0.23531	0.718097	0.191336
0.246515	0.724567	0.191493
0.25772	0.731036	0.191493
0.268926	0.737505	0.191336
0.280131	0.743975	0.191095
0.291336	0.750444	0.190884
0.302541	0.756913	0.190801
0.112052	0.646935	0.190884
0.123258	0.653404	0.191095
0.134463	0.659873	0.191336
0.145668	0.666343	0.191493
0.156873	0.672812	0.191493
0.168078	0.679281	0.191336
0.179284	0.685751	0.191095
0.190489	0.69222	0.190884
0.201694	0.478732	0.190394
0.212899	0.485201	0.190091
0.224105	0.49167	0.189959
0.23531	0.49814	0.189929
0.246515	0.504609	0.18993
0.25772	0.511078	0.18993
0.268926	0.517548	0.189959
0.280131	0.524017	0.190091
0.291336	0.530486	0.190394
0.302541	0.536956	0.190884
0.112052	0.426977	0.191498
0.123258	0.433446	0.19211
0.134463	0.439916	0.192561
0.145668	0.446385	0.192728
0.156873	0.452854	0.192561
0.168078	0.459324	0.192109
0.179284	0.465793	0.191499
0.190489	0.472262	0.190884
0.201694	0.49167	0.189252
0.212899	0.49814	0.188652
0.224105	0.504609	0.188292
0.23531	0.511078	0.188131
0.246515	0.517548	0.188132
0.25772	0.524017	0.188292
0.268926	0.530486	0.188652
0.280131	0.536956	0.189252
0.291336	0.543425	0.190091
0.302541	0.549894	0.191095
0.112052	0.439916	0.19211
0.123258	0.446385	0.192941
0.134463	0.452854	0.193411
0.145668	0.459323	0.193411
0.156873	0.465793	0.192941
0.168078	0.472262	0.192109
0.179284	0.478732	0.191095
0.190489	0.485201	0.190092
0.201694	0.504609	0.187574
0.212899	0.511078	0.186805
0.224105	0.517548	0.186358
0.23531	0.524017	0.186212
0.246515	0.530486	0.186358
0.25772	0.536956	0.186805
0.268926	0.543425	0.187574
0.280131	0.549894	0.188652
0.291336	0.556364	0.189959
0.302541	0.562833	0.191336
0.112052	0.452854	0.192561
0.123258	0.459324	0.193411
0.134463	0.465793	0.193716
0.145668	0.472262	0.193412
0.156873	0.478732	0.192561
0.168078	0.485201	0.191335
0.179284	0.49167	0.189959
0.190489	0.49814	0.188652
0.201694	0.517548	0.185622
0.212899	0.524017	0.18482
0.224105	0.530486	0.18442
0.23531	0.536956	0.18442
0.246515	0.543425	0.18482
0.25772	0.549894	0.185622
0.268926	0.556364	0.186805
0.280131	0.562833	0.188292
0.291336	0.569302	0.18993
0.302541	0.575772	0.191493
0.112052	0.465793	0.192728
0.123258	0.472262	0.193411
0.134463	0.478732	0.193411
0.145668	0.485201	0.192728
0.156873	0.49167	0.191493
0.168078	0.498139	0.18993
0.179284	0.504609	0.188292
0.190489	0.511078	0.186805
0.201694	0.530486	0.183659
0.212899	0.536956	0.182944
0.224105	0.543425	0.182704
0.23531	0.549894	0.182944
0.246515	0.556364	0.183658
0.25772	0.562833	0.18482
0.268926	0.569302	0.186358
0.280131	0.575772	0.188131
0.291336	0.582241	0.18993
0.302541	0.58871	0.191493
0.112052	0.478732	0.192561
0.123258	0.485201	0.192942
0.134463	0.49167	0.192561
0.145668	0.49814	0.191493
0.156873	0.504609	0.18993
0.168078	0.511078	0.188131
0.179284	0.517548	0.186358
0.190489	0.524017	0.18482
0.201694	0.543425	0.181908
0.212899	0.549894	0.181376
0.224105	0.556364	0.181376
0.23531	0.562833	0.181908
0.246515	0.569302	0.182944
0.25772	0.575772	0.18442
0.268926	0.582241	0.186212
0.280131	0.58871	0.188131
0.291336	0.59518	0.189929
0.302541	0.601649	0.191336
0.112052	0.49167	0.19211
0.123258	0.498139	0.19211
0.134463	0.504609	0.191335
0.145668	0.511078	0.18993
0.156873	0.517548	0.188131
0.168078	0.524017	0.186212
0.179284	0.530486	0.18442
0.190489	0.536956	0.182944
0.201694	0.556364	0.180543
0.212899	0.562833	0.18026
0.224105	0.569302	0.180543
0.23531	0.575772	0.181376
0.246515	0.582241	0.182704
0.25772	0.58871	0.18442
0.268926	0.59518	0.186358
0.280131	0.601649	0.188292
0.291336	0.608118	0.189959
0.302541	0.614588	0.191095
0.112052	0.504609	0.191499
0.123258	0.511078	0.191095
0.134463	0.517548	0.189959
0.145668	0.524017	0.188292
0.156873	0.530486	0.186358
0.168078	0.536956	0.18442
0.179284	0.543425	0.182704
0.190489	0.549894	0.181377
0.201694	0.569302	0.179684
0.212899	0.575772	0.179684
0.224105	0.582241	0.180261
0.23531	0.58871	0.181376
0.246515	0.59518	0.182944
0.25772	0.601649	0.18482
0.268926	0.608118	0.186805
0.280131	0.614588	0.188652
0.291336	0.621057	0.190091
0.302541	0.627526	0.190884
0.112052	0.517548	0.190884
0.123258	0.524017	0.190091
0.134463	0.530486	0.188652
0.145668	0.536956	0.186805
0.156873	0.543425	0.18482
0.168078	0.549894	0.182944
0.179284	0.556364	0.181376
0.190489	0.562833	0.18026
0.403388	0.465793	0.179392
0.414594	0.472262	0.179683
0.425799	0.478732	0.180543
0.437004	0.485201	0.181908
0.448209	0.49167	0.183659
0.459415	0.49814	0.185622
0.47062	0.504609	0.187574
0.481825	0.511078	0.189252
0.49303	0.517548	0.190394
0.504236	0.524017	0.190801
0.313747	0.414038	0.190395
0.324952	0.420507	0.189252
0.336157	0.426977	0.187574
0.347362	0.433446	0.185622
0.358568	0.439916	0.183659
0.369773	0.446385	0.181908
0.380978	0.452854	0.180544
0.392183	0.459324	0.179684
0.403388	0.478732	0.179684
0.414594	0.485201	0.180261
0.425799	0.49167	0.181376
0.437004	0.49814	0.182944
0.448209	0.504609	0.18482
0.459415	0.511078	0.186805
0.47062	0.517548	0.188652
0.481825	0.524017	0.190091
0.49303	0.530486	0.190884
0.504236	0.536956	0.190884
0.313747	0.426977	0.190092
0.324952	0.433446	0.188652
0.336157	0.439916	0.186805
0.347362	0.446385	0.18482
0.358568	0.452854	0.182944
0.369773	0.459323	0.181376
0.380978	0.465793	0.18026
0.392183	0.472262	0.179683
0.403388	0.49167	0.180544
0.414594	0.49814	0.181376
0.425799	0.504609	0.182704
0.437004	0.511078	0.18442
0.448209	0.517548	0.186358
0.459415	0.524017	0.188292
0.47062	0.530486	0.189959
0.481825	0.536956	0.191095
0.49303	0.543425	0.191499
0.504236	0.549894	0.191095
0.313747	0.439916	0.189959
0.324952	0.446385	0.188292
0.336157	0.452854	0.186358
0.347362	0.459323	0.18442
0.358568	0.465793	0.182704
0.369773	0.472262	0.181376
0.380978	0.478732	0.180543
0.392183	0.485201	0.180261
0.403388	0.504609	0.181908
0.414594	0.511078	0.182944
0.425799	0.517548	0.18442
0.437004	0.524017	0.186212
0.448209	0.530486	0.188131
0.459415	0.536956	0.18993
0.47062	0.543425	0.191335
0.481825	0.549894	0.19211
0.49303	0.556364	0.19211
0.504236	0.562833	0.191336
0.313747	0.452854	0.189929
0.324952	0.459324	0.188131
0.336157	0.465793	0.186212
0.347362	0.472262	0.18442
0.358568	0.478732	0.182944
0.369773	0.485201	0.181908
0.380978	0.49167	0.181376
0.392183	0.49814	0.181376
0.403388	0.517548	0.183658
0.414594	0.524017	0.18482
0.425799	0.530486	0.186358
0.437004	0.536956	0.188131
0.448209	0.543425	0.18993
0.459415	0.549894	0.191493
0.47062	0.556364	0.192561
0.481825	0.562833	0.192942
0.49303	0.569302	0.192561
0.504236	0.575772	0.191493
0.313747	0.465793	0.18993
0.324952	0.472262	0.188131
0.336157	0.478732	0.186357
0.347362	0.485201	0.18482
0.358568	0.49167	0.183659
0.369773	0.498139	0.182944
0.380978	0.504609	0.182704
0.392183	0.511078	0.182944
0.403388	0.530486	0.185622
0.414594	0.536956	0.186805
0.425799	0.543425	0.188292
0.437004	0.549894	0.18993
0.448209	0.556364	0.191493
0.459415	0.562833	0.192728
0.47062	0.569302	0.193412
0.481825	0.575772	0.193411
0.49303	0.582241	0.192728
0.504236	0.58871	0.191493
0.313747	0.478732	0.18993
0.324952	0.485201	0.188292
0.336157	0.49167	0.186805
0.347362	0.49814	0.185622
0.358568	0.504609	0.18482
0.369773	0.511078	0.18442
0.380978	0.517548	0.18442
0.392183	0.524017	0.18482
0.403388	0.543425	0.187574
0.414594	0.549894	0.188652
0.425799	0.556364	0.18996
0.437004	0.562833	0.191336
0.448209	0.569302	0.192561
0.459415	0.575772	0.193411
0.47062	0.582241	0.193716
0.481825	0.58871	0.193411
0.49303	0.59518	0.192561
0.504236	0.601649	0.191336
0.313747	0.49167	0.189959
0.324952	0.498139	0.188652
0.336157	0.504609	0.187573
0.347362	0.511078	0.186805
0.358568	0.517548	0.186357
0.369773	0.524017	0.186212
0.380978	0.530486	0.186357
0.392183	0.536956	0.186805
0.403388	0.556364	0.189252
0.414594	0.562833	0.190091
0.425799	0.569302	0.191095
0.437004	0.575772	0.19211
0.448209	0.582241	0.192941
0.459415	0.58871	0.193412
0.47062	0.59518	0.193411
0.481825	0.601649	0.192941
0.49303	0.608118	0.192109
0.504236	0.614588	0.191095
0.313747	0.504609	0.190092
0.324952	0.511078	0.189252
0.336157	0.517548	0.188652
0.347362	0.524017	0.188292
0.358568	0.530486	0.188131
0.369773	0.536956	0.188131
0.380978	0.543425	0.188292
0.392183	0.549894	0.188652
0.403388	0.569302	0.190394
0.414594	0.575772	0.190884
0.425799	0.582241	0.191499
0.437004	0.58871	0.192109
0.448209	0.59518	0.192561
0.459415	0.601649	0.192728
0.47062	0.608118	0.192561
0.481825	0.614588	0.19211
0.49303	0.621057	0.191499
0.504236	0.627526	0.190884
0.313747	0.517548	0.190394
0.324952	0.524017	0.190091
0.336157	0.530486	0.189959
0.347362	0.536956	0.189929
0.358568	0.543425	0.18993
0.369773	0.549894	0.189929
0.380978	0.556364	0.189959
0.392183	0.562833	0.190091
0.403388	0.582241	0.1908
0.414594	0.58871	0.190884
0.425799	0.59518	0.191095
0.437004	0.601649	0.191336
0.448209	0.608118	0.191493
0.459415	0.614588	0.191493
0.47062	0.621057	0.191336
0.481825	0.627527	0.191095
0.49303	0.633996	0.190884
0.504236	0.640465	0.190801
0.313747	0.530486	0.190884
0.324952	0.536956	0.191095
0.336157	0.543425	0.191336
0.347362	0.549894	0.191493
0.358568	0.556364	0.191493
0.369773	0.562833	0.191336
0.380978	0.569302	0.191095
0.392183	0.575772	0.190884
0.403388	0.362283	0.190394
0.414594	0.368753	0.190091
0.425799	0.375222	0.189959
0.437004	0.381692	0.189929
0.448209	0.388161	0.18993
0.459415	0.39463	0.18993
0.47062	0.401099	0.189959
0.481825	0.407569	0.190091
0.49303	0.414038	0.190394
0.504236	0.420508	0.190884
0.313747	0.310529	0.191498
0.324952	0.316998	0.19211
0.336157	0.323467	0.192561
0.347362	0.329937	0.192728
0.358568	0.336406	0.192561
0.369773	0.342875	0.192109
0.380978	0.349345	0.191499
0.392183	0.355814	0.190884
0.403388	0.375222	0.189252
0.414594	0.381691	0.188652
0.425799	0.388161	0.188292
0.437004	0.39463	0.188131
0.448209	0.401099	0.188132
0.459415	0.407569	0.188292
0.47062	0.414038	0.188652
0.481825	0.420507	0.189252
0.49303	0.426977	0.190091
0.504236	0.433446	0.191095
0.313747	0.323467	0.19211
0.324952	0.329937	0.192941
0.336157	0.336406	0.193411
0.347362	0.342875	0.193411
0.358568	0.349345	0.192941
0.369773	0.355814	0.192109
0.380978	0.362283	0.191095
0.392183	0.368753	0.190092
0.403388	0.388161	0.187574
0.414594	0.39463	0.186805
0.425799	0.401099	0.186358
0.437004	0.407569	0.186212
0.448209	0.414038	0.186358
0.459415	0.420508	0.186805
0.47062	0.426977	0.187574
0.481825	0.433446	0.188652
0.49303	0.439916	0.189959
0.504236	0.446385	0.191336
0.313747	0.336406	0.192561
0.324952	0.342875	0.193411
0.336157	0.349345	0.193716
0.347362	0.355814	0.193412
0.358568	0.362283	0.192561
0.369773	0.368753	0.191335
0.380978	0.375222	0.189959
0.392183	0.381691	0.188652
0.403388	0.401099	0.185622
0.414594	0.407569	0.18482
0.425799	0.414038	0.18442
0.437004	0.420507	0.18442
0.448209	0.426977	0.18482
0.459415	0.433446	0.185622
0.47062	0.439915	0.186805
0.481825	0.446385	0.188292
0.49303	0.452854	0.18993
0.504236	0.459323	0.191493
0.313747	0.349345	0.192728
0.324952	0.355814	0.193411
0.336157	0.362283	0.193411
0.347362	0.368753	0.192728
0.358568	0.375222	0.191493
0.369773	0.381691	0.18993
0.380978	0.388161	0.188292
0.392183	0.39463	0.186805
0.403388	0.414038	0.183659
0.414594	0.420507	0.182944
0.425799	0.426977	0.182704
0.437004	0.433446	0.182944
0.448209	0.439916	0.183658
0.459415	0.446385	0.18482
0.47062	0.452854	0.186358
0.481825	0.459324	0.188131
0.49303	0.465793	0.18993
0.504236	0.472262	0.191493
0.313747	0.362283	0.192561
0.324952	0.368753	0.192942
0.336157	0.375222	0.192561
0.347362	0.381691	0.191493
0.358568	0.388161	0.18993
0.369773	0.39463	0.188131
0.380978	0.401099	0.186358
0.392183	0.407569	0.18482
0.403388	0.426977	0.181908
0.414594	0.433446	0.181376
0.425799	0.439915	0.181376
0.437004	0.446385	0.181908
0.448209	0.452854	0.182944
0.459415	0.459323	0.18442
0.47062	0.465793	0.186212
0.481825	0.472262	0.188131
0.49303	0.478731	0.189929
0.504236	0.485201	0.191336
0.313747	0.375222	0.19211
0.324952	0.381691	0.19211
0.336157	0.388161	0.191335
0.347362	0.39463	0.18993
0.358568	0.401099	0.188131
0.369773	0.407569	0.186212
0.380978	0.414038	0.18442
0.392183	0.420507	0.182944
0.403388	0.439916	0.180543
0.414594	0.446385	0.18026
0.425799	0.452854	0.180543
0.437004	0.459324	0.181376
0.448209	0.465793	0.182704
0.459415	0.472262	0.18442
0.47062	0.478732	0.186358
0.481825	0.485201	0.188292
0.49303	0.49167	0.189959
0.504236	0.49814	0.191095
0.313747	0.388161	0.191499
0.324952	0.39463	0.191095
0.336157	0.401099	0.189959
0.347362	0.407569	0.188292
0.358568	0.414038	0.186358
0.369773	0.420507	0.18442
0.380978	0.426977	0.182704
0.392183	0.433446	0.181377
0.403388	0.452854	0.179684
0.414594	0.459324	0.179684
0.425799	0.465793	0.180261
0.437004	0.472262	0.181376
0.448209	0.478732	0.182944
0.459415	0.485201	0.18482
0.47062	0.49167	0.186805
0.481825	0.49814	0.188652
0.49303	0.504609	0.190091
0.504236	0.511078	0.190884
0.313747	0.401099	0.190884
0.324952	0.407569	0.190091
0.336157	0.414038	0.188652
0.347362	0.420507	0.186805
0.358568	0.426977	0.18482
0.369773	0.433446	0.182944
0.380978	0.439915	0.181376
0.392183	0.446385	0.18026
0.403388	0.698689	0.179392
0.414594	0.705159	0.179683
0.425799	0.711628	0.180543
0.437004	0.718097	0.181908
0.448209	0.724567	0.183659
0.459415	0.731036	0.185622
0.47062	0.737505	0.187574
0.481825	0.743975	0.189252
0.49303	0.750444	0.190394
0.504236	0.756913	0.190801
0.313747	0.646935	0.190395
0.324952	0.653404	0.189252
0.336157	0.659873	0.187574
0.347362	0.666343	0.185622
0.358568	0.672812	0.183659
0.369773	0.679281	0.181908
0.380978	0.685751	0.180544
0.392183	0.69222	0.179684
0.403388	0.711628	0.179684
0.414594	0.718097	0.180261
0.425799	0.724567	0.181376
0.437004	0.731036	0.182944
0.448209	0.737505	0.18482
0.459415	0.743975	0.186805
0.47062	0.750444	0.188652
0.481825	0.756913	0.190091
0.49303	0.763383	0.190884
0.504236	0.769852	0.190884
0.313747	0.659873	0.190092
0.324952	0.666343	0.188652
0.336157	0.672812	0.186805
0.347362	0.679281	0.18482
0.358568	0.685751	0.182944
0.369773	0.69222	0.181376
0.380978	0.698689	0.18026
0.392183	0.705159	0.179683
0.403388	0.724567	0.180544
0.414594	0.731036	0.181376
0.425799	0.737505	0.182704
0.437004	0.743975	0.18442
0.448209	0.750444	0.186358
0.459415	0.756913	0.188292
0.47062	0.763383	0.189959
0.481825	0.769852	0.191095
0.49303	0.776321	0.191499
0.504236	0.782791	0.191095
0.313747	0.672812	0.189959
0.324952	0.679281	0.188292
0.336157	0.685751	0.186358
0.347362	0.69222	0.18442
0.358568	0.698689	0.182704
0.369773	0.705159	0.181376
0.380978	0.711628	0.180543
0.392183	0.718097	0.180261
0.403388	0.737505	0.181908
0.414594	0.743975	0.182944
0.425799	0.750444	0.18442
0.437004	0.756914	0.186212
0.448209	0.763383	0.188131
0.459415	0.769852	0.18993
0.47062	0.776321	0.191335
0.481825	0.782791	0.19211
0.49303	0.78926	0.19211
0.504236	0.79573	0.191336
0.313747	0.685751	0.189929
0.324952	0.69222	0.188131
0.336157	0.698689	0.186212
0.347362	0.705159	0.18442
0.358568	0.711628	0.182944
0.369773	0.718097	0.181908
0.380978	0.724567	0.181376
0.392183	0.731036	0.181376
0.403388	0.750444	0.183658
0.414594	0.756913	0.18482
0.425799	0.763383	0.186358
0.437004	0.769852	0.188131
0.448209	0.776321	0.18993
0.459415	0.782791	0.191493
0.47062	0.78926	0.192561
0.481825	0.795729	0.192942
0.49303	0.802199	0.192561
0.504236	0.808668	0.191493
0.313747	0.698689	0.18993
0.324952	0.705159	0.188131
0.336157	0.711628	0.186357
0.347362	0.718097	0.18482
0.358568	0.724567	0.183659
0.369773	0.731036	0.182944
0.380978	0.737505	0.182704
0.392183	0.743975	0.182944
0.403388	0.763383	0.185622
0.414594	0.769852	0.186805
0.425799	0.776321	0.188292
0.437004	0.782791	0.18993
0.448209	0.78926	0.191493
0.459415	0.79573	0.192728
0.47062	0.802199	0.193412
0.481825	0.808668	0.193411
0.49303	0.815138	0.192728
0.504236	0.821607	0.191493
0.313747	0.711628	0.18993
0.324952	0.718097	0.188292
0.336157	0.724567	0.186805
0.347362	0.731036	0.185622
0.358568	0.737505	0.18482
0.369773	0.743975	0.18442
0.380978	0.750444	0.18442
0.392183	0.756913	0.18482
0.403388	0.776321	0.187574
0.414594	0.782791	0.188652
0.425799	0.78926	0.18996
0.437004	0.795729	0.191336
0.448209	0.802199	0.192561
0.459415	0.808668	0.193411
0.47062	0.815137	0.193716
0.481825	0.821607	0.193411
0.49303	0.828076	0.192561
0.504236	0.834545	0.191336
0.313747	0.724567	0.189959
0.324952	0.731036	0.188652
0.336157	0.737505	0.187573
0.347362	0.743975	0.186805
0.358568	0.750444	0.186357
0.369773	0.756913	0.186212
0.380978	0.763383	0.186357
0.392183	0.769852	0.186805
0.403388	0.78926	0.189252
0.414594	0.795729	0.190091
0.425799	0.802199	0.191095
0.437004	0.808668	0.19211
0.448209	0.815138	0.192941
0.459415	0.821607	0.193412
0.47062	0.828076	0.193411
0.481825	0.834546	0.192941
0.49303	0.841015	0.192109
0.504236	0.847484	0.191095
0.313747	0.737505	0.190092
0.324952	0.743975	0.189252
0.336157	0.750444	0.188652
0.347362	0.756913	0.188292
0.358568	0.763383	0.188131
0.369773	0.769852	0.188131
0.380978	0.776321	0.188292
0.392183	0.782791	0.188652
0.403388	0.802199	0.190394
0.414594	0.808668	0.190884
0.425799	0.815137	0.191499
0.437004	0.821607	0.192109
0.448209	0.828076	0.192561
0.459415	0.834545	0.192728
0.47062	0.841015	0.192561
0.481825	0.847484	0.19211
0.49303	0.853953	0.191499
0.504236	0.860423	0.190884
0.313747	0.750444	0.190394
0.324952	0.756913	0.190091
0.336157	0.763383	0.189959
0.347362	0.769852	0.189929
0.358568	0.776321	0.18993
0.369773	0.782791	0.189929
0.380978	0.78926	0.189959
0.392183	0.795729	0.190091
0.403388	0.815138	0.1908
0.414594	0.821607	0.190884
0.425799	0.828076	0.191095
0.437004	0.834546	0.191336
0.448209	0.841015	0.191493
0.459415	0.847484	0.191493
0.47062	0.853954	0.191336
0.481825	0.860423	0.191095
0.49303	0.866892	0.190884
0.504236	0.873362	0.190801
0.313747	0.763383	0.190884
0.324952	0.769852	0.191095
0.336157	0.776321	0.191336
0.347362	0.782791	0.191493
0.358568	0.78926	0.191493
0.369773	0.795729	0.191336
0.380978	0.802199	0.191095
0.392183	0.808668	0.190884
0.403388	0.59518	0.190394
0.414594	0.601649	0.190091
0.425799	0.608119	0.189959
0.437004	0.614588	0.189929
0.448209	0.621057	0.18993
0.459415	0.627527	0.18993
0.47062	0.633996	0.189959
0.481825	0.640465	0.190091
0.49303	0.646935	0.190394
0.504236	0.653404	0.190884
0.313747	0.543425	0.191498
0.324952	0.549894	0.19211
0.336157	0.556364	0.192561
0.347362	0.562833	0.192728
0.358568	0.569303	0.192561
0.369773	0.575772	0.192109
0.380978	0.582241	0.191499
0.392183	0.588711	0.190884
0.403388	0.608118	0.189252
0.414594	0.614588	0.188652
0.425799	0.621057	0.188292
0.437004	0.627527	0.188131
0.448209	0.633996	0.188132
0.459415	0.640465	0.188292
0.47062	0.646934	0.188652
0.481825	0.653404	0.189252
0.49303	0.659873	0.190091
0.504236	0.666343	0.191095
0.313747	0.556364	0.19211
0.324952	0.562833	0.192941
0.336157	0.569302	0.193411
0.347362	0.575772	0.193411
0.358568	0.582241	0.192941
0.369773	0.58871	0.192109
0.380978	0.59518	0.191095
0.392183	0.601649	0.190092
0.403388	0.621057	0.187574
0.414594	0.627527	0.186805
0.425799	0.633996	0.186358
0.437004	0.640465	0.186212
0.448209	0.646935	0.186358
0.459415	0.653404	0.186805
0.47062	0.659873	0.187574
0.481825	0.666343	0.188652
0.49303	0.672812	0.189959
0.504236	0.679281	0.191336
0.313747	0.569303	0.192561
0.324952	0.575772	0.193411
0.336157	0.582241	0.193716
0.347362	0.58871	0.193412
0.358568	0.59518	0.192561
0.369773	0.601649	0.191335
0.380978	0.608119	0.189959
0.392183	0.614588	0.188652
0.403388	0.633996	0.185622
0.414594	0.640465	0.18482
0.425799	0.646934	0.18442
0.437004	0.653404	0.18442
0.448209	0.659873	0.18482
0.459415	0.666343	0.185622
0.47062	0.672812	0.186805
0.481825	0.679281	0.188292
0.49303	0.68575	0.18993
0.504236	0.69222	0.191493
0.313747	0.582241	0.192728
0.324952	0.58871	0.193411
0.336157	0.59518	0.193411
0.347362	0.601649	0.192728
0.358568	0.608118	0.191493
0.369773	0.614588	0.18993
0.380978	0.621057	0.188292
0.392183	0.627526	0.186805
0.403388	0.646935	0.183659
0.414594	0.653404	0.182944
0.425799	0.659873	0.182704
0.437004	0.666343	0.182944
0.448209	0.672812	0.183658
0.459415	0.679281	0.18482
0.47062	0.685751	0.186358
0.481825	0.69222	0.188131
0.49303	0.698689	0.18993
0.504236	0.705159	0.191493
0.313747	0.59518	0.192561
0.324952	0.601649	0.192942
0.336157	0.608119	0.192561
0.347362	0.614588	0.191493
0.358568	0.621057	0.18993
0.369773	0.627527	0.188131
0.380978	0.633996	0.186358
0.392183	0.640465	0.18482
0.403388	0.659873	0.181908
0.414594	0.666342	0.181376
0.425799	0.672812	0.181376
0.437004	0.679281	0.181908
0.448209	0.68575	0.182944
0.459415	0.69222	0.18442
0.47062	0.698689	0.186212
0.481825	0.705159	0.188131
0.49303	0.711628	0.189929
0.504236	0.718097	0.191336
0.313747	0.608118	0.19211
0.324952	0.614588	0.19211
0.336157	0.621057	0.191335
0.347362	0.627526	0.18993
0.358568	0.633996	0.188131
0.369773	0.640465	0.186212
0.380978	0.646934	0.18442
0.392183	0.653404	0.182944
0.403388	0.672812	0.180543
0.414594	0.679281	0.18026
0.425799	0.685751	0.180543
0.437004	0.69222	0.181376
0.448209	0.698689	0.182704
0.459415	0.705159	0.18442
0.47062	0.711628	0.186358
0.481825	0.718097	0.188292
0.49303	0.724567	0.189959
0.504236	0.731036	0.191095
0.313747	0.621057	0.191499
0.324952	0.627527	0.191095
0.336157	0.633996	0.189959
0.347362	0.640465	0.188292
0.358568	0.646935	0.186358
0.369773	0.653404	0.18442
0.380978	0.659873	0.182704
0.392183	0.666343	0.181377
0.403388	0.685751	0.179684
0.414594	0.69222	0.179684
0.425799	0.698689	0.180261
0.437004	0.705159	0.181376
0.448209	0.711628	0.182944
0.459415	0.718097	0.18482
0.47062	0.724567	0.186805
0.481825	0.731036	0.188652
0.49303	0.737505	0.190091
0.504236	0.743975	0.190884
0.313747	0.633996	0.190884
0.324952	0.640465	0.190091
0.336157	0.646935	0.188652
0.347362	0.653404	0.186805
0.358568	0.659873	0.18482
0.369773	0.666343	0.182944
0.380978	0.672812	0.181376
0.392183	0.679281	0.18026