-611.88687915
-615.14658881
-616.27151545
-616.56732584
-617.50143899
-618.04164135
-618.07711606
-617.63528824
-617.69473493
-618.22131586
-618.29252677
-617.95684829
-618.07637590
-618.60433681
-618.74134759
-618.52421506
-618.69478178
-619.21929525
-619.39407995
-619.57761375
-619.75476626
-619.92804835
-620.09443381
-620.25153159
-620.39762393
-620.53192893
-620.65475271
-620.76648099
-620.86791160
-620.96048450
-621.04577058
-621.12478420
-621.19729150
-621.26275654
-621.32044716
-621.36955277
-621.40929269
-621.43894181
-621.45772751
-621.46519239
-621.46087918
-621.44497278
-621.41816155
-621.38172295
-621.37501167
-621.33672200
-621.29455603
-621.25140466
-621.20968397
-621.17232031
-621.14219346
-621.14948307
-621.13835404
-621.13815167
-621.14953059
-621.17270324
-621.20737678
-621.25286130
-621.30791348
-621.37102157
-621.44031071
-621.51381683
-621.58960072
-621.66576318
-621.74041135
-621.81209748
-621.87923488
-621.94075713
-621.99599997
-622.04438574
-622.08589857
-622.12060553
-622.14882935
-622.17115284
-622.18823216
-622.20077547
-622.20961553
-622.21549810
-622.21933204
-622.22196900
-622.22398213
-622.22604212
-622.22885710
-622.23300462
-622.23905521
-622.24739308
-622.25845307
-622.27247415
-622.28952648
-622.30985998
-622.33302061
-622.35869312
-622.38620850
-622.41459655
-622.44300666
-622.47019296
-622.49502464
-622.51654902
-622.53386860
-622.54631679
-622.55353474
-622.55613256
-622.58306765
-622.56351308
-622.54050354
-622.51571887
-622.48875841
-622.45872711
-622.42609113
-622.39186839
-622.35706892
-622.32251992
-622.28911354
-622.50788844
-622.48509296
-622.46420857
-622.44498443
-622.42688050
-622.40915453
-622.39085220
-622.37103584
-622.34882142
-622.32351132
-622.29460006
-622.26205185
-622.22619066
-622.18771982
-622.14750352
-622.10667728
-622.06617152
-622.02683920
-621.98967668
-621.95537469
-621.92470748
-621.89840410
-621.87730028
-622.21040828
-622.19650539
-622.12473669
-622.18409493
-622.19063695
-622.20645073
-622.23265568
-622.26898597
-622.31510668
-622.37179170
-622.43684469
-622.50875518
-622.58769914
-622.66943577
-622.75272978
-622.83537175
-622.91680679
-622.99285631
-623.06295264
-623.12519186
-623.17881056
-623.22306535
-623.25792015
-623.28369265
-623.83967412
-623.85135811
-623.85305218
-623.85088541
-623.84112410
-623.82622118
-623.80721566
-623.78495785
-623.76043868
-623.73457102
-623.70803798
-623.68146088
-623.65526148
-623.63520475
-623.60863961
-623.58236306
-623.57760444
-623.55519135
-623.53757656
-623.51989316
-623.50136107
-623.48128207
-623.45884455
-623.43364540
-623.40565727
-623.37514873
-623.34310113
-623.30635668
-623.26714538
-623.22755409
-623.18688483
-623.14631903
-623.10648481
-623.06841110
-623.03262123
-623.20819844
-623.17757047
-623.15207976
-623.13189330
-623.11703123
-623.10755254
-623.10354994
-623.10567791
-623.11819845
-623.13532975
-623.15334788
-623.17028112
-623.18456620
-623.19485820
-623.20001330
-623.19926437
-623.19206392
-623.17829056
-623.15817598
-623.13217725
-623.10133524
-623.06686468
-623.03007136
-622.99242081
-622.95528876
-622.91985794
-622.88704171
-622.85735833
-622.83065237
-622.80630676
-622.78362869
-622.76121066
-622.73783176
-622.71234413
-622.68396588
-622.65242190
-622.61764235
-622.58049122
-622.54181818
-622.50316967
-622.46616164
-622.43251360
-622.40393113
-622.38202313
-622.36808702
-622.36305492
-622.36735501
-622.38096648
-622.40342879
-622.43369932
-622.47034991
-622.51151775
-622.55512823
-622.59879613
-622.64029470
-622.67748091
-622.70842459
-622.73172405
-622.74649021
-622.75250331
-622.75006727
-622.74018730
-622.72446962
-622.70488903
-622.68360372
-622.66288872
-622.64488070
-622.63134127
-622.62352725
-622.62210711
-622.62706211
-622.63779434
-622.65336612
-622.67258988
-622.69426881
-622.71735444
-622.74105417
-622.76486815
-622.78870817
-622.81256424
-622.83659298
-622.86087363
-622.88532055
-622.90969310
-622.93358622
-622.95668708
-622.97871603
-622.99972089
-623.02032617
-623.04096195
-623.06229252
-623.08512889
-623.11019690
-623.13798791
-623.16869580
-623.20230984
-623.23818070
-623.27556955
-623.31337568
-623.35040731
-623.38535228
-623.41719072
-623.44484918
-623.46779586
-623.48569539
-623.49859727
-623.50665834
-623.51063695
-623.51120373
-623.52217872
-623.51730477
-623.51068508
-623.50281638
-623.49416227
-623.48518237
-623.47623106
-623.46730544
-623.45875838
-623.45040758
-623.44239626
-623.43476491
-623.42743251
-623.42035275
-623.41367473
-623.40695667
-623.39943722
-623.39085161
-623.37984483
-623.36510493
-623.34607363
-623.32305498
-623.29675669
-623.26800397
-623.23767364
-623.20697210
-623.17700647
-623.14879385
-623.12332878
-623.10131402
-623.08332166
-623.06956668
-623.05996058
-623.05417391
-623.05185079
-623.05255751
-623.05582175
-623.06134592
-623.06871112
-623.07780917
-623.08869049
-623.10156633
-623.11679711
-623.13489258
-623.15635430
-623.18160398
-623.21104784
-623.24512952
-623.28357758
-623.32616947
-623.37243252
-623.42150300
-623.47222838
-623.52469516
-623.57582897
-623.62398270
-623.66697903
-623.70336184
-623.73194725
-623.75239145
-623.76455864
-623.76932963
-623.76751943
-623.76060943
-623.75007058
-623.73774657
-623.72537953
-623.71462147
-623.70721403
-623.70318022
-623.70108061
-623.69859951
-623.69310377
-623.68206114
-623.66317618
-623.63423175
-623.59349743
-623.53976845
-623.47225687
-623.39109839
-623.29714873
-623.19180510
-623.07724400
-622.95614180
-622.83164388
-622.70747973
-622.58758726
-622.47588806
-622.37635458
-622.29237592
-622.22681965
-622.18177410
-622.15825931
-622.15636787
-622.17523179
-622.21292277
-622.26699011
-622.33434474
-622.41168178
-622.49553101
-622.58255660
-622.66943637
-622.75322092
-622.83114301
-622.90064405
-622.95966713
-623.00665975
-623.04067611
-623.06168369
-623.06906277
-623.06129080
-623.03784976
-622.99822386
-622.94149565
-622.86765192
-622.77808549
-622.67528509
-622.56268306
-622.44434493
-622.32474510
-622.20868564
-622.10093268
-622.00631040
-621.92894282
-621.87001315
-621.83069163
-621.81134262
-621.81169963
-621.83080782
-621.86730835
-621.91937316
-621.98506733
-622.06229346
-622.14890696
-622.24288944
-622.34243879
-622.44591091
-622.55187372
-622.65910896
-622.76650497
-622.87303220
-622.97771871
-623.07948422
-623.17721041
-623.26960961
-623.35555989
-623.43397829
-623.50386292
-623.56464733
-623.61606225
-623.65811794
-623.69137127
-623.71652854
-623.73458348
-623.74658717
-623.75359825
-623.75659199
-623.75636218
-623.75345873
-623.74841144
-623.74144429
-623.73282665
-623.72270126
-623.71126171
-623.69859551
-623.68471561
-623.66986010
-623.65425205
-623.63825244
-623.62234433
-623.60740981
-623.59427569
-623.58384292
-623.57702708
-623.57441243
-623.57608688
-623.58176347
-623.59099600
-623.60260484
-623.61540394
-623.62792483
-623.63881063
-623.64665828
-623.65023006
-623.64852380
-623.64070515
-623.62632995
-623.60516223
-623.57745407
-623.54386426
-623.50559822
-623.46416867
-623.42165011
-623.38022497
-623.34247391
-623.31091639
-623.28784664
-623.27482248
-623.27269068
-623.28188412
-623.30174977
-623.33123843
-623.36841498
-623.41100961
-623.45639748
-623.50185091
-623.54459842
-623.58226431
-623.61254802
-623.63381907
-623.64489022
-623.64507363
-623.63446517
-623.61355616
-623.58322232
-623.54476898
-623.49988526
-623.45033316
-623.39782728
-623.34420595
-623.29104115
-623.23960096
-623.19098581
-623.14597780
-623.10504273
-623.06862268
-623.03691542
-623.00988759
-622.98762853
-622.97006333
-622.95716806
-622.94884595
-622.94506593
-622.94559397
-622.95025129
-622.95867539
-622.97041075
-622.98490675
-623.00146159
-623.01937885
-623.03783706
-623.05603391
-623.07311750
-623.08829515
-623.10085908
-623.11037606
-623.11665988
-623.11975467
-623.12003049
-623.11798193
-623.11413926
-623.10907923
-623.10318769
-623.09694968
-623.09068970
-623.08465711
-623.07901926
-623.07394953
-623.06952620
-623.06589209
-623.06333579
-623.06209354
-623.06240218
-623.06450018
-623.06849617
-623.07435055
-623.08186403
-623.09062370
-623.10003601
-623.10932853
-623.11768682
-623.12421276
-623.12813976
-623.12879885
-623.12574919
-623.11874908
-623.10792443
-623.09357982
-623.07616830
-623.05646701
-623.03524963
-623.04383307
-623.02635073
-623.00898704
-622.99262059
-622.97829191
-622.96690101
-622.95932066
-622.95634179
-622.95873096
-622.96728307
-622.98240894
-623.00447898
-623.03395180
-623.07106356
-623.11589140
-623.16837350
-623.22834614
-623.29529871
-623.36851621
-623.44735516
-623.53083199
-623.61791737
-623.70754512
-623.79862698
-623.89009497
-623.98078475
-624.06960612
-624.15547408
-624.23746760
-624.31462490
-624.38625623
-624.45185385
-624.51084487
-624.56274538
-624.60728650
-624.64419903
-624.67311970
-624.69386669
-624.70636202
-624.71047155
-624.70605933
-624.69324643
-624.67230609
-624.64402681
-624.63177375
-624.60179360
-624.56604608
-624.52457351
-624.47740565
-624.42470665
-624.36670360
-624.30369227
-624.23617338
-624.16486911
-624.09092503
-624.01575788
-623.94096954
-623.86844576
-623.80048364
-623.73926091
-623.68680707
-623.64483397
-623.61461121
-623.59655751
-623.59055889
-623.59537980
-623.60948010
-623.63052765
-623.65604700
-623.68358189
-623.71067703
-623.73515887
-623.75554244
-623.77065018
-623.77992892
-623.78359510
-623.78241146
-623.77793353
-623.77241250
-623.76901072
-623.77027289
-623.77625646
-623.78594643
-623.79913005
-623.81620520
-623.83760185
-623.86384432
-623.89518456
-623.93145643
-623.97221114
-624.01664730
-624.06358434
-624.11155569
-624.15925590
-624.20533116
-624.24853775
-624.28773032
-624.32207257
-624.35088492
-624.37379163
-624.39043985
-624.40068695
-624.40453772
-624.40202302
-624.39323011
-624.37828435
-624.35752939
-624.33132518
-624.30027795
-624.26545644
-624.22818392
-624.42761615
-624.41181061
-624.39208534
-624.36849112
-624.34145408
-624.31175698
-624.28052757
-624.24882887
-624.21805576
-624.18948797
-624.16434045
-624.14345273
-624.12739172
-624.11618633
-624.10916134
-624.10511763
-624.10241817
-624.09905880
-624.09292953
-624.08203154
-624.06475721
-624.04001100
-624.00758062
-623.96809771
-623.92309124
-623.87476493
-623.82587633
-623.77951979
-623.73895454
-623.70728024
-623.68726262
-623.68106644
-623.69032150
-623.71585643
-623.75764627
-623.81489514
-623.88611675
-623.96885280
-624.06003577
-624.15591523
-624.25248038
-624.34571171
-624.43202380
-624.50838890
-624.57258333
-624.62325843
-624.65994104
-624.68292925
-624.69344449
-624.69306118
-624.68385493
-624.66807261
-624.64788439
-624.62519047
-624.60144473
-624.57758161
-624.55381496
-624.52968704
-624.50424067
-624.47593828
-624.44288663
-624.40317745
-624.35500044
-624.29711262
-624.22886449
-624.15051190
-624.06314167
-623.96890486
-623.87060381
-623.77171088
-623.67591244
-623.58687026
-623.50775844
-623.44124103
-623.38918429
-623.35255913
-623.33147641
-623.32514992
-623.33192846
-623.34949014
-623.37506876
-623.40571012
-623.43831057
-623.46998823
-623.49808500
-623.52035856
-623.53481594
-623.54002314
-623.53485322
-623.51870336
-623.49143670
-623.45339981
-623.40556161
-623.35639442
-623.30776039
-623.25750714
-623.20719093
-623.15795846
-623.11127488
-623.06862952
-623.03115330
-622.99927657
-622.97188287
-622.94760534
-622.92540462
-622.90453988
-622.88444464
-622.86445694
-622.84388498
-622.82190233
-622.79769776
-622.77061277
-622.74031566
-622.70709242
-622.67209100
-622.63829663
-622.61222303
-622.60129637
-622.60159932
-622.60915370
-622.62445007
-622.64816019
-622.67810236
-622.71331621
-622.75327153
-622.79795198
-622.84789737
-622.90319584
-622.96331484
-623.02839481
-623.09865971
-623.17394572
-623.25369738
-623.33672650
-623.42124167
-623.50513637
-623.58600404
-623.66148711
-623.72966150
-623.78974429
-623.84013045
-623.87926254
-623.90677196
-623.92314756
-623.92957793
-623.92805190
-623.92095542
-623.91125786
-623.90222253
-623.89736912
-623.90045175
-623.91547084
-623.94508055
-623.98829479
-624.04170326
-624.10213911
-624.17976781
-624.24565067
-624.30873385
-624.36608885
-624.41469697
-624.45168886
-624.47454037
-624.48155465
-624.49281215
-624.47610617
-624.44106537
-624.38942099
-624.32419741
-624.24963002
-624.17076014
-624.09316902
-624.02257129
-623.96479178
-623.92499619
-623.90767034
-623.91382716
-623.94037216
-623.98489347
-624.03977563
-624.09883285
-624.15739588
-624.21144960
-624.25791303
-624.29501007
-624.32284066
-624.34534138
-624.37094705
-624.39079949
-624.40157719
-624.40352276
-624.39813404
-624.38707587
-624.37227377
-624.35563452
-624.33883449
-624.32313407
-624.30968545
-624.29923962
-624.29221281
-624.28875503
-624.28878647
-624.29182905
-624.29740528
-624.30476546
-624.31239011
-624.31745151
-624.31797715
-624.31293220
-624.30172948
-624.28457249
-624.26226288
-624.23603971
-624.20763257
-624.17902987
-624.15224523
-624.12911251
-624.11101037
-624.09842280
-624.09103483
-624.08795662
-624.08759636
-624.08828857
-624.08831802
-624.08605571
-624.08015435
-624.06968260
-624.05402537
-624.03305274
-624.00699709
-623.97654987
-623.94263901
-623.90645008
-623.86913135
-623.83187085
-623.79584272
-623.76214818
-623.73159985
-623.70382989
-623.67814456
-623.65356654
-623.62905304
-623.60341120
-623.57561646
-623.54493669
-623.51095457
-623.47376039
-623.43409516
-623.39319211
-623.35283948
-623.31513017
-623.28223477
-623.25632611
-623.23919834
-623.23216432
-623.23588300
-623.25027928
-623.27450192
-623.30712519
-623.34621150
-623.38935300
-623.43387585
-623.47702508
-623.51589916
-623.54791718
-623.57100768
-623.58387706
-623.58617828
-623.57857487
-623.56287166
-623.54175790
-623.51923578
-623.50217828
-623.48723521
-623.48026871
-623.48367897
-623.49908933
-623.52673104
-623.56563042
-623.61368832
-623.66777715
-623.72414688
-623.77859355
-623.82681692
-623.86481250
-623.88924854
-623.89763066
-623.88869651
-623.86237535
-623.82003644
-623.76429394
-623.69898503
-623.62885658
-623.55935771
-623.49581392
-623.44316196
-623.40518978
-623.38502084
-623.38469916
-623.40532337
-623.44683956
-623.50805664
-623.58689134
-623.68038508
-623.78495866
-623.89663914
-624.01109963
-624.12390817
-624.23096242
-624.32840381
-624.41277864
-624.48135886
-624.53228560
-624.56454131
-624.57828139
-624.57451325
-624.55515323
-624.52183982
-624.47653897
-624.42146405
-624.35913473
-624.29237121
-624.22381487
-624.15617390
-624.09195000
-624.03345808
-623.98286723
-623.94209754
-623.91279424
-623.89626698
-623.89350536
-623.90506740
-623.93088264
-623.97032223
-624.02226232
-624.08487876
-624.15607321
-624.23319129
-624.31340005
-624.39345290
-624.47016327
-624.54037145
-624.60122151
-624.65044667
-624.68644861
-624.70845984
-624.71661951
-624.71188456
-624.69618375
-624.67223145
-624.64315436
-624.61253526
-624.58401164
-624.56124339
-624.54735988
-624.54467161
-624.55440685
-624.57671651
-624.61068149
-624.65471576
-624.70624323
-624.76198829
-624.81821776
-624.87098732
-624.91647280
-624.95124437
-624.97231651
-624.97736633
-624.96497955
-624.93459217
-624.88631817
-624.82088454
-624.73995325
-624.64544657
-624.53982430
-624.42592497
-624.30670508
-624.18516862
-624.06470729
-623.94840064
-623.83923433
-623.74010944
-623.65353766
-623.58177599
-623.52651773
-623.48896872
-623.46973989
-623.46874528
-623.48539672
-623.51838298
-623.56567463
-623.62478408
-623.69282142
-623.76656885
-623.84319654
-623.92094788
-623.99517099
-624.05920072
-624.10811008
-624.13845538
-624.14814045
-624.13618453
-624.10304350
-624.05035998
-623.99944107
-623.91858659
-623.82868905
-623.73437760
-623.64043633
-623.55124218
-623.47124542
-623.41379999
-623.36205561
-623.31838570
-623.28210818
-623.25191397
-623.22624701
-623.20324009
-623.18107956
-623.15819899
-623.13327443
-623.10545968
-623.07444500
-623.04028358
-623.00360799
-622.96561457
-622.92801308
-622.89283149
-622.86247452
-622.83942936
-622.82612010
-622.82464597
-622.83659031
-622.86277071
-622.90302090
-622.95622876
-623.02026077
-623.09215156
-623.16814585
-623.24382211
-623.31457275
-623.37607416
-623.42459964
-623.45729892
-623.47259654
-623.47002442
-623.45054575
-623.41634024
-623.37060044
-623.31743711
-623.26145675
-623.20753996
-623.16031131
-623.12388254
-623.10136229
-623.09471901
-623.10478340
-623.13086975
-623.17130382
-623.22351082
-623.28426920
-623.35033944
-623.41947670
-623.49348364
-623.56958586
-623.64248053
-623.70850289
-623.76490910
-623.80984786
-623.84224917
-623.86180493
-623.86892989
-623.86460324
-623.85034601
-623.82819263
-623.80080923
-623.77136118
-623.74343530
-623.72101578
-623.70816152
-623.70837040
-623.72432135
-623.75724617
-623.80674582
-623.87058873
-623.94491305
-624.02463009
-624.10394762
-624.17686104
-624.23769251
-624.28150799
-624.30441933
-624.30367991
-624.27792493
-624.22719203
-624.15287175
-624.05748964
-623.94464717
-623.81879108
-623.68501987
-623.54889265
-623.41614722
-623.29216825
-623.18187297
-623.08918929
-623.01678726
-622.96622424
-622.93755046
-622.92947256
-622.93969358
-622.96505970
-623.00186122
-623.04616584
-623.09420912
-623.14247545
-623.18795424
-623.22824703
-623.26157436
-623.28675610
-623.30331881
-623.31143508
-623.31189657
-623.30623190
-623.29655573
-623.28566782
-623.27691214
-623.27385980
-623.28023017
-623.29938189
-623.33413073
-623.38623550
-623.45621265
-623.54317147
-623.64497441
-623.75810493
-623.87825124
-624.00058884
-624.12028526
-624.23278556
-624.33420436
-624.42155568
-624.49267281
-624.54645721
-624.58257481
-624.60142421
-624.60408513
-624.59191460
-624.56654540
-624.52977954
-624.48364360
-624.43008215
-624.37101309
-624.30817908
-624.24309923
-624.17714147
-624.11154800
-624.04724081
-623.98501424
-623.92548382
-623.86927490
-623.81684253
-623.76875908
-623.72552954
-623.68763137
-623.65561439
-623.63007958
-623.61145472
-623.60002937
-623.59595859
-623.59909185
-623.60911811
-623.62550440
-623.64758769
-623.67459158
-623.70571102
-623.74007979
-623.77687537
-623.81522477
-623.85432927
-623.89351619
-623.93210831
-623.96958222
-624.00553718
-624.03968033
-624.07172032
-624.10147973
-624.12894045
-624.15411279
-624.17719564
-624.19844636
-624.21836896
-624.23763794
-624.25693939
-624.27714752
-624.29899598
-624.32305479
-624.34940782
-624.37761240
-624.40703470
-624.43735929
-624.46801219
-624.49858227
-624.52705305
-624.54997931
-624.56371835
-624.56607977
-624.55593838
-624.53322059
-624.49846030
-624.45302498
-624.39867350
-624.33758462
-624.27224547
-624.20531228
-624.13936929
-624.07706213
-624.02071793
-623.97251779
-623.93417604
-623.90718767
-623.89344459
-623.89403084
-623.91101123
-623.93959007
-623.97536354
-624.01499466
-624.05597051
-624.09617559
-624.13398424
-624.16824534
-624.19762855
-624.22097565
-624.23759139
-624.24713330
-624.24960529
-624.24556617
-624.23602103
-624.22198772
-624.20480359
-624.18584467
-624.16603967
-624.14606303
-624.12621824
-624.10630291
-624.08569284
-624.06362540
-624.03927467
-624.01232947
-623.98262986
-623.95018083
-623.91574813
-623.87994230
-623.84575654
-623.81596656
-623.78720632
-623.75894414
-623.73134415
-623.70463244
-623.68480545
-623.66289633
-623.63870415
-623.61277643
-623.58585933
-623.55880205
-623.53241577
-623.50728812
-623.48396966
-623.46273120
-623.44354480
-623.42638398
-623.41108191
-623.39762767
-623.38604530
-623.37650611
-623.36947054
-623.36528037
-623.36418457
-623.36633702
-623.37154483
-623.37925197
-623.38853756
-623.39854714
-623.48261045
-623.53860097
-623.47961991
-623.56658545
-623.57334625
-623.57450728
-623.56975600
-623.55906019
-623.54296746
-623.52239030
-623.49840848
-623.47238415
-623.44581944
-623.41999647
-623.39620596
-623.37548720
-623.35857439
-623.34598863
-623.33806526
-623.33510703
-623.33727685
-623.34472862
-623.35804326
-623.37768067
-623.40462702
-623.43950420
-623.48246738
-623.53247469
-623.58772938
-623.64613082
-623.70560425
-623.76395211
-623.81915286
-623.86928700
-623.91243024
-623.94693308
-623.97120518
-623.98412737
-623.98508773
-623.97391274
-623.95098557
-623.91726379
-623.87416890
-623.82356533
-623.76752305
-623.70838479
-623.64839586
-623.58965599
-623.53393405
-623.48258667
-623.43660825
-623.39647129
-623.36230790
-623.33401846
-623.31115724
-623.29303193
-623.27913363
-623.28596189
-623.29361651
-623.29579398
-623.29135458
-623.27978356
-623.26141117
-623.23763755
-623.21030678
-623.18219600
-623.15602042
-623.13469441
-623.12100130
-623.11726528
-623.12540114
-623.14661024
-623.18158447
-623.29078236
-623.36864105
-623.45026725
-623.53830536
-623.62894633
-623.71834937
-623.80272234
-623.87869867
-623.94348549
-623.99466431
-624.03119440
-624.05304420
-624.06135174
-624.05817853
-624.04609515
-624.02830681
-624.00841498
-623.99011178
-623.97687755
-623.97161294
-623.97680660
-623.99394965
-624.02383210
-624.06652319
-624.12113497
-624.18608795
-624.25909787
-624.33798708
-624.42024413
-624.50351446
-624.58554821
-624.66412876
-624.73729402
-624.80350100
-624.86107217
-624.90882517
-624.94588502
-624.97191458
-624.98697142
-624.99183219
-624.98789724
-624.97710744
-624.96194496
-624.94508585
-624.92917957
-624.91674658
-624.90987765
-624.91002458
-624.91790262
-624.93330180
-624.95523218
-625.02408018
-625.05063775
-625.07444599
-625.09140651
-625.09759835
-625.08914427
-625.06283347
-625.01684446
-624.95969731
-624.88066104
-624.78023830
-624.65993934
-624.52264811
-624.37274522
-624.21562496
-624.05748384
-623.90471866
-623.76326044
-623.63832317
-623.53393310
-623.45269272
-623.39557788
-623.36207908
-623.35017955
-623.35674993
-623.37783910
-623.40907425
-623.44591532
-623.48410606
-623.51947702
-623.54841925
-623.56818756
-623.57699289
-623.57419759
-623.55989045
-623.53524465
-623.50198403
-623.46242671
-623.41892750
-623.37420085
-623.33100765
-623.29231628
-623.26095557
-623.23955543
-623.22993697
-623.23304643
-623.24881262
-623.27651912
-623.31500442
-623.36277281
-623.41803074
-623.47894695
-623.54347242
-623.60970064
-623.67571302
-623.73987719
-623.80077607
-623.85731427
-623.90853285
-623.95372531
-623.99228222
-624.02377637
-624.04781255
-624.06419189
-624.07279166
-624.07374157
-624.06745238
-624.05462432
-624.03625738
-624.01368308
-623.98850102
-623.96243782
-623.93721408
-623.91444758
-623.89543543
-623.88137028
-623.87330524
-623.87214473
-623.87810617
-623.89210835
-623.91426252
-623.94047845
-623.95933859
-623.97650646
-623.99196916
-624.00323033
-624.00989557
-624.01201850
-624.00990368
-624.00441151
-623.99642842
-623.98725099
-623.97791050
-623.96968377
-623.96377394
-623.96120728
-623.96291126
-623.96976134
-623.98244031
-624.00214064
-624.03029317
-624.06973739
-624.11737109
-624.16607819
-624.21135319
-624.25007687
-624.27974326
-624.29865058
-624.30577047
-624.30072805
-624.28379333
-624.25620044
-624.22012549
-624.21296897
-624.18350599
-624.16126145
-624.15277816
-624.14494962
-624.13729442
-624.12907461
-624.12114140
-624.11261611
-624.10272911
-624.09136812
-624.07871435
-624.06519925
-624.05134741
-624.03758563
-624.02401333
-624.01086478
-623.99793271
-623.98499539
-623.97172899
-623.95779095
-623.94287998
-623.92680725
-623.90957781
-623.89131636
-623.87226866
-623.85302852
-623.83429657
-623.81935472
-623.81521928
-623.81522573
-623.81647954
-623.81792562
-623.81884185
-623.81870405
-623.81712613
-623.81380481
-623.80863798
-623.80180500
-623.79418843
-623.78851350
-623.78653921
-623.78548034
-623.78462290
-623.78456729
-623.78625688
-623.79076446
-623.79915059
-623.81205956
-623.82971479
-623.85189737
-623.87771245
-623.90580073
-623.93439296
-623.96123661
-623.98400488
-624.00012092
-624.00740612
-624.00507524
-623.99137593
-623.96351168
-623.91895907
-623.85650420
-623.77634669
-623.67936482
-623.56759951
-623.44386418
-623.31141855
-623.17439347
-623.03716653
-622.90460593
-622.78158490
-622.67298653
-622.58305116
-622.51505243
-622.47112336
-622.45235527
-622.45886796
-622.48960388
-622.54251179
-622.61464649
-622.70232186
-622.80142057
-622.90744046
-623.01581937
-623.12224957
-623.22292375
-623.31449420
-623.39431231
-623.46053730
-623.51233731
-623.54934189
-623.57217004
-623.58200413
-623.58069159
-623.57043542
-623.55397968
-623.53416305
-623.51411135
-623.49681944
-623.48513166
-623.48234282
-623.49673742
-623.52600220
-623.56286741
-623.60490207
-623.65007370
-623.69651327
-623.74242824
-623.78622022
-623.82692944
-623.86387804
-623.89696654
-623.92630986
-623.95173009
-623.97258700
-623.98844869
-623.99896253
-624.00417183
-624.00437514
-624.00027076
-623.99286359
-623.98339991
-623.97331607
-623.96384405
-623.95568206
-623.94890989
-623.94371638
-623.94013722
-623.93809157
-623.93765832
-623.93860984
-623.94073864
-623.94379321
-623.94745943
-623.95136036
-623.95518975
-623.95883130
-623.96224938
-623.96574478
-623.96986322
-623.97528420
-623.98281766
-623.99349948
-624.00832633
-624.02796896
-624.05277153
-624.08276266
-624.11745976
-624.15592310
-624.19679095
-624.23843675
-624.27918298
-624.31738309
-624.35154796
-624.38071370
-624.40437881
-624.42260939
-624.43618281
-624.44675995
-624.45674375
-624.46717551
-624.47934888
-624.49477025
-624.51503528
-624.54162970
-624.57590124
-624.61885760
-624.67130726
-624.73351571
-624.80542046
-624.88615565
-624.97421805
-625.06723948
-625.16236580
-625.25628598
-625.34544285
-625.42628105
-625.49537321
-625.54967873
-625.58659761
-625.60427783
-625.60174121
-625.57885538
-625.53646556
-625.47637865
-625.40126781
-625.31484620
-625.22143937
-625.12595230
-625.03339098
-624.94889654
-624.87715791
-624.82222578
-624.78722379
-624.77414021
-624.78375653
-624.81578100
-624.86776327
-624.93572922
-625.01456248
-625.09851958
-625.18171286
-625.25841897
-625.32353351
-625.37289814
-625.40362133
-625.41408279
-625.40411155
-625.37479494
-625.32839673
-625.26810031
-625.19789142
-625.12220297
-625.04584096
-624.97334613
-624.90901425
-624.85647721
-624.81850502
-624.79688483
-624.79210646
-624.80352115
-624.82912753
-624.86592168
-624.90985894
-624.95631674
-625.00040655
-625.03752912
-625.06354848
-625.07557198
-625.17547834
-625.15402951
-625.12018499
-625.07583843
-625.02350909
-624.96631324
-624.90762075
-624.85053070
-624.79770095
-624.75120470
-624.71239436
-624.68195106
-624.66005681
-624.64637715
-624.63984865
-624.63909941
-624.64216514
-624.64677990
-624.65032464
-624.65007387
-624.64292007
-624.62615911
-624.59787221
-624.55689520
-624.50288014
-624.43642296
-624.35908267
-624.27313252
-624.18156670
-624.08767523
-623.99491586
-623.90662148
-623.82588015
-623.75532318
-623.69696741
-623.65220731
-623.62180962
-623.60595678
-623.60439632
-623.61628810
-623.64029285
-623.67403394
-623.71411483
-623.75732674
-623.80039848
-623.84006542
-623.87341997
-623.89796411
-623.91184969
-623.91414730
-623.90464245
-623.88434596
-623.85536655
-623.82043650
-623.78270821
-623.74580958
-623.71387576
-623.69131282
-623.68240269
-623.69085348
-623.71955746
-623.77018333
-623.84309375
-623.93721952
-624.05035084
-624.17910827
-624.31869460
-624.46324019
-624.60646081
-624.74220698
-624.86479171
-624.96931869
-625.05199653
-625.11033014
-625.14323747
-625.15094541
-625.13486874
-625.09756317
-625.04228536
-624.97301283
-624.89393185
-624.80928148
-624.72315458
-624.63923639
-624.56062212
-624.48990691
-624.42914502
-624.38008501
-624.34414017
-624.32241423
-624.31564385
-624.32402830
-624.34691569
-624.38309181
-624.43104385
-624.48910810
-624.55550671
-624.62812803
-624.70445869
-624.78190830
-624.85768947
-624.92912176
-624.99367442
-625.04931767
-625.09464580
-625.12890671
-625.15214399
-625.16522420
-625.16968523
-625.16761004
-625.16178531
-625.15588661
-625.15459664
-625.16054872
-625.17135219
-625.18587052
-625.20361410
-625.22397750
-625.24598067
-625.26816773
-625.28895852
-625.30661911
-625.31985024
-625.32750255
-625.32901116
-625.32421768
-625.31336321
-625.29691636
-625.27561873
-625.25047177
-625.22237907
-625.19220540
-625.16059887
-625.12789816
-625.09419786
-625.05929582
-625.02288144
-624.98461393
-624.94422399
-624.90165938
-624.85739529
-624.81219258
-624.76733371
-624.72454056
-624.68581401
-624.65333047
-624.62916034
-624.61506565
-624.61227136
-624.62112237
-624.64113160
-624.67072589
-624.70766842
-624.74898169
-624.79142234
-624.83165652
-624.86665334
-624.89417514
-624.91268504
-624.92175455
-624.92175013
-624.91414205
-624.90098222
-624.88471863
-624.86790970
-624.85290331
-624.84164013
-624.83541983
-624.83477794
-624.83951350
-624.84865391
-624.86068076
-624.87367158
-624.88551963
-624.89414358
-624.89771993
-624.89477762
-624.88437523
-624.86615517
-624.84041895
-624.80801672
-624.77024815
-624.72879820
-624.68548402
-624.64214206
-624.60060879
-624.56236156
-624.52861158
-624.50017967
-624.47748489
-624.46057876
-624.44913261
-624.44280137
-624.44127786
-624.44420668
-624.45137544
-624.46267147
-624.47801433
-624.49759046
-624.52141838
-624.54947383
-624.58145737
-624.61684623
-624.65494650
-624.69481207
-624.73518883
-624.77437698
-624.81030074
-624.84061664
-624.86286967
-624.87474977
-624.87468362
-624.86181665
-624.83643047
-624.79976232
-624.75406637
-624.70242582
-624.64826578
-624.59514442
-624.54631395
-624.50443827
-624.47147850
-624.44848451
-624.43581123
-624.43310073
-624.43957806
-624.45424326
-624.47605097
-624.50395638
-624.53703234
-624.57443317
-624.61539191
-624.65906278
-624.70462275
-624.75119911
-624.79795198
-624.84398158
-624.88837739
-624.93027789
-624.96908810
-625.00450042
-625.03667110
-625.06611621
-625.09363168
-625.12031114
-625.14722796
-625.17542857
-625.20592038
-625.23948870
-625.27654053
-625.31717399
-625.36106503
-625.40755769
-625.45547865
-625.50324361
-625.54883730
-625.58999870
-625.62413191
-625.64852960
-625.66058447
-625.65793565
-625.63877710
-625.60214254
-625.54819838
-625.47846068
-625.39596888
-625.30512554
-625.21160236
-625.12163807
-625.04191507
-624.97870015
-624.93726836
-624.92157046
-624.93379053
-624.97416401
-625.04095784
-625.13078306
-625.23883746
-625.35940768
-625.48636424
-625.61371833
-625.73595819
-625.84849743
-625.94776050
-626.03136017
-626.09794719
-626.14720221
-626.17951952
-626.19588013
-626.19767049
-626.18644354
-626.16393354
-626.13194869
-626.09270409
-626.05715360
-626.00950709
-625.95894436
-625.90647898
-625.85299803
-625.79960813
-625.74661710
-625.69504932
-625.64613460
-625.60078266
-625.55990769
-625.52405182
-625.49373338
-625.46899559
-625.44944522
-625.43469636
-625.42375332
-625.41536454
-625.40822064
-625.40102621
-625.39236479
-625.38099037
-625.36583329
-625.34624763
-625.32171933
-625.29193105
-625.25704252
-625.21723787
-625.17273122
-625.12390489
-625.07093633
-625.01415222
-624.95399087
-624.89108577
-624.82630560
-624.76082262
-624.69608276
-624.63375216
-624.57560648
-624.52337113
-624.47849238
-624.44199315
-624.41462155
-624.39644677
-624.38682828
-624.38484799
-624.38893989
-624.39731512
-624.40802176
-624.41908112
-624.42851147
-624.43447775
-624.43548708
-624.43032211
-624.41837715
-624.39971528
-624.37524257
-624.34670944
-624.31630503
-624.28662710
-624.26038085
-624.24005943
-624.22768916
-624.22471475
-624.23176303
-624.24876086
-624.27501463
-624.30937177
-624.35025990
-624.39612240
-624.44524282
-624.49605598
-624.54731051
-624.59798907
-624.64749385
-624.69550152
-624.74199698
-624.78718154
-624.83125361
-624.87454533
-624.91737928
-624.95996204
-625.00245001
-625.04478038
-625.08673146
-625.12783723
-625.16705623
-625.20294242
-625.23385851
-625.25858093
-625.27633221
-625.28688901
-625.29035090
-625.28708887
-625.27769995
-625.26272981
-625.24268435
-625.21796463
-625.18882305
-625.15537435
-625.11769118
-625.07593365
-625.03039227
-624.98166758
-624.93058518
-624.87839959
-624.82675111
-624.77782963
-624.73382137
-624.69687857
-624.66901481
-624.65189300
-624.64660550
-624.65352091
-624.67239625
-624.70212771
-624.74105181
-624.78687944
-624.83703855
-624.88861736
-624.93868876
-624.98460596
-625.02403143
-625.05528097
-625.07687452
-625.08654274
-625.08204467
-625.06254000
-625.02895668
-624.98370753
-624.93082277
-624.87548331
-624.82349582
-624.78078009
-624.75246294
-624.74245188
-624.75300358
-624.78423314
-624.83412671
-624.89915382
-624.97470691
-625.05550830
-625.13626759
-625.21261225
-625.28143542
-625.34138386
-625.41237844
-625.46155710
-625.50248983
-625.53311035
-625.55226859
-625.55938893
-625.55469192
-625.53906920
-625.51413282
-625.48207814
-625.44556399
-625.40786655
-625.37242131
-625.34267908
-625.32200481
-625.31292586
-625.31707993
-625.33495786
-625.36577256
-625.40767885
-625.45797387
-625.51319411
-625.56964513
-625.62346860
-625.67099378
-625.70886372
-625.73436456
-625.74534494
-625.74045738
-625.71894857
-625.68099740
-625.62764927
-625.56102744
-625.48419776
-625.40099052
-625.31597700
-625.23399604
-625.16019100
-625.10081641
-625.06141756
-625.03963141
-625.03400073
-625.04404039
-625.06858668
-625.10580558
-625.15337621
-625.20825828
-625.26692081
-625.32567851
-625.38108340
-625.42988344
-625.46946165
-625.49790186
-625.51429371
-625.51876485
-625.51220188
-625.49619437
-625.47274010
-625.44420473
-625.41289570
-625.38181435
-625.36180840
-625.33569636
-625.31232636
-625.29219423
-625.27550835
-625.26223238
-625.25220217
-625.24535901
-625.24193848
-625.24227160
-625.24741884
-625.26574776
-625.28467251
-625.31048206
-625.34336135
-625.38288808
-625.42785703
-625.47664078
-625.56740147
-625.63002835
-625.68283216
-625.72197989
-625.74467816
-625.74929089
-625.73582992
-625.70575872
-625.66194638
-625.60872040
-625.55137435
-625.49692442
-625.45754839
-625.43675475
-625.42868915
-625.43168110
-625.44430888
-625.46456288
-625.49017172
-625.51783267
-625.54413329
-625.56547380
-625.57909772
-625.58198580
-625.57276323
-625.55093418
-625.51744127
-625.47455923
-625.46132636
-625.41046150
-625.35792782
-625.30657526
-625.25857413
-625.21552388
-625.17796497
-625.14626066
-625.11979631
-625.09781018
-625.07915813
-625.06276156
-625.18407498
-625.19858610
-625.20720917
-625.20777480
-625.19883637
-625.17918371
-625.14812399
-625.10532159
-625.05062923
-624.98445121
-624.90730070
-624.82008997
-624.72430510
-624.62181882
-624.51520267
-624.40760929
-624.30266987
-624.20434669
-624.11643301
-624.04257870
-623.98592792
-623.94886577
-623.93296344
-623.93864607
-623.96561542
-624.01234364
-624.07672808
-624.15579008
-624.24626356
-624.34456773
-624.44700222
-624.54998031
-624.65020966
-624.74496394
-624.83142820
-624.90649323
-624.96836170
-625.01591017
-625.04844726
-625.06602968
-625.06901759
-625.05833408
-625.03539624
-625.00199124
-624.96031440
-624.91301216
-624.86294767
-624.81326885
-624.76734151
-624.72845429
-624.69957128
-624.68343707
-624.68190831
-624.69614174
-624.72649046
-624.77202280
-624.83118042
-624.90114867
-624.97866468
-625.05993970
-625.14111296
-625.21830076
-625.28813058
-625.34779671
-625.39530815
-625.42944391
-625.44984840
-625.45704330
-625.45222972
-625.43728263
-625.41453769
-625.38644330
-625.35553851
-625.32427230
-625.29485304
-625.26916164
-625.24858951
-625.23405219
-625.22597524
-625.22438979
-625.22889128
-625.23875167
-625.25302699
-625.27051910
-625.28986357
-625.30974407
-625.32878668
-625.34572564
-625.35944791
-625.36910603
-625.37412778
-625.37409770
-625.36900329
-625.35916856
-625.34507539
-625.32742397
-625.30712172
-625.28510384
-625.26237753
-625.23985560
-625.21820687
-625.19795363
-625.17956571
-625.16357573
-625.15051236
-625.14089971
-625.13525241
-625.13365631
-625.13601688
-625.14178414
-625.14977322
-625.15833205
-625.16626818
-625.19036540
-625.22274623
-625.24996246
-625.26811018
-625.27441554
-625.26741384
-625.24715303
-625.21532349
-625.17490814
-625.13043429
-625.08690232
-625.05001533
-625.02508559
-625.01675597
-625.02859364
-625.06241760
-625.11835886
-625.19471438
-625.28825815
-625.39436016
-625.50748058
-625.62137483
-625.73008127
-625.82769854
-625.90909688
-625.97010523
-626.00763930
-626.01994518
-626.00677859
-625.96913572
-625.90929401
-625.83088706
-625.73872206
-625.63836758
-625.53579151
-625.43688374
-625.34661996
-625.26878739
-625.20574989
-625.15853508
-625.12713672
-625.11062218
-625.10749827
-625.11596642
-625.13394720
-625.15913374
-625.18921569
-625.22203988
-625.25544848
-625.28712457
-625.31514791
-625.33788228
-625.35367824
-625.36173036
-625.36160251
-625.35382760
-625.33948591
-625.32061505
-625.29958324
-625.27918490
-625.26215395
-625.25070676
-625.24660834
-625.25075465
-625.26333743
-625.28385199
-625.31171889
-625.34623587
-625.38661215
-625.43296471
-625.48499916
-625.54289833
-625.60659436
-625.67581746
-625.74958270
-625.82612577
-625.90318088
-625.97782635
-626.04681672
-626.10739628
-626.15676922
-626.19336069
-626.21630900
-626.22562224
-626.22241381
-626.20826614
-626.18505421
-626.15478994
-626.11940034
-626.08057480
-626.03957023
-625.99736559
-625.95489033
-625.91287487
-625.87205324
-625.83321188
-625.79719332
-625.76475073
-625.73653677
-625.71313428
-625.69477680
-625.68117253
-625.67157558
-625.66481399
-625.65930231
-625.65301570
-625.64391953
-625.63051366
-625.61211910
-625.58899903
-625.56197429
-625.53227456
-625.50137693
-625.47069432
-625.44168896
-625.41546324
-625.39277139
-625.37407034
-625.35944655
-625.34872289
-625.34148451
-625.33718907
-625.33553684
-625.33597124
-625.33829669
-625.34224468
-625.34764681
-625.35426688
-625.36169406
-625.36951010
-625.37709097
-625.38374970
-625.38886844
-625.39198344
-625.39307102
-625.39243506
-625.38903471
-625.37946976
-625.36115595
-625.33335260
-625.29694563
-625.25357803
-625.20569882
-625.15610516
-625.10781901
-625.06363495
-625.02611222
-624.99707783
-624.97768567
-624.96836806
-624.96885525
-624.97824284
-624.99502459
-625.01700904
-625.04167687
-625.06635771
-625.08838064
-625.10534606
-625.11535099
-625.11723555
-625.11108895
-625.10196349
-625.09136799
-625.07400018
-625.04789454
-625.01724072
-624.98036021
-624.93983682
-624.89860688
-624.85981852
-624.82645452
-624.80078110
-624.78418911
-624.77732327
-624.77990121
-624.79131193
-624.81034409
-624.83562680
-624.86535983
-624.89760032
-624.93019610
-624.96080221
-624.98685943
-625.00570424
-625.01482033
-625.01189649
-624.99528438
-624.96422982
-624.91919807
-624.86175218
-624.79483559
-624.72215425
-624.64814299
-624.57764033
-624.51528965
-624.46540476
-624.43153979
-624.41630695
-624.42112378
-624.44628074
-624.49101305
-624.55335946
-624.63057261
-624.71909772
-624.81494115
-624.91373093
-625.01114388
-625.10492400
-625.18958129
-625.26150293
-625.31773818
-625.35639199
-625.37625726
-625.37699216
-625.35898710
-625.32331151
-625.27180252
-625.20693371
-625.13172243
-625.04988408
-624.96574319
-624.88420468
-624.81047526
-624.75000547
-624.70802925
-624.68920978
-624.69705356
-624.73364277
-624.79905350
-624.89140665
-625.00689289
-625.14001865
-625.28425948
-625.43235334
-625.57713560
-625.71188753
-625.83082518
-625.92931660
-626.00421984
-626.05356766
-626.07678979
-626.07441933
-626.04787869
-625.99932173
-625.93147486
-625.84727642
-625.74996711
-625.64278530
-625.52896867
-625.41167746
-625.29409353
-625.17944500
-625.07105599
-624.97229890
-624.88675163
-624.81815766
-624.77015430
-624.74613524
-624.74873627
-624.77948821
-624.83835740
-624.92336073
-625.03048602
-625.15386650
-625.28633218
-625.41986758
-625.54656164
-625.65919196
-625.75161542
-625.81925857
-625.85942172
-625.87125542
-625.85598776
-625.81682968
-625.75884024
-625.68883030
-625.61465393
-625.54463914
-625.48655404
-625.44658389
-625.42845002
-625.43299270
-625.45812815
-625.49950491
-625.55147421
-625.60814564
-625.66443243
-625.71820606
-625.78007362
-625.82339263
-625.85005740
-625.85994288
-625.85435389
-625.83548954
-625.80607684
-625.76883845
-625.72615762
-625.68001153
-625.63219112
-625.58410136
-625.53705123
-625.49204886
-625.45016603
-625.41232092
-625.37942181
-625.35253638
-625.33262350
-625.32044541
-625.31659324
-625.32125409
-625.33410972
-625.35424837
-625.38017556
-625.40993066
-625.44110061
-625.47108835
-625.49723185
-625.51711676
-625.52882954
-625.53098573
-625.52303866
-625.50535341
-625.47903680
-625.44598089
-625.40860235
-625.36970109
-625.33209684
-625.29849677
-625.27133801
-625.25249638
-625.24303670
-625.24304184
-625.25158846
-625.26655780
-625.28483283
-625.30272371
-625.31617284
-625.32133293
-625.31506527
-625.29521295
-625.26060390
-625.21104538
-625.14737493
-625.07125148
-624.98528229
-624.89288585
-624.79816042
-624.70573098
-624.62031683
-624.54645724
-624.48824585
-624.44898705
-624.43097770
-624.43526886
-624.46169725
-624.50894195
-624.57448338
-624.65482616
-624.74618920
-624.84418248
-624.94382528
-625.04046156
-625.12943492
-625.20692858
-625.26986514
-625.31615071
-625.34486351
-625.35575015
-625.34957377
-625.32771880
-625.29208650
-625.24508083
-625.18940795
-625.12808848
-625.06427230
-625.00113426
-624.94150207
-624.88771389
-624.84177910
-624.80498454
-624.77802245
-624.76091720
-624.75340529
-624.75482184
-624.76421731
-624.78062014
-624.80302951
-624.83046930
-624.86220596
-624.89761465
-624.93609693
-624.97719934
-625.02054427
-625.06558747
-625.11176712
-625.15817915
-625.20376854
-625.24728491
-625.28729050
-625.32225439
-625.35074443
-625.37151520
-625.38371313
-625.38684812
-625.38093167
-625.36661018
-625.34513424
-625.31861773
-625.29175952
-625.28709005
-625.28106565
-625.27619670
-625.27374303
-625.27492411
-625.28069588
-625.29208690
-625.30967302
-625.33379199
-625.36455352
-625.40836323
-625.45367723
-625.50412013
-625.55846529
-625.61532821
-625.67292183
-625.72950440
-625.78309863
-625.83189509
-625.87418029
-625.90861590
-625.93425371
-625.95067239
-625.95800558
-625.95660438
-625.94713766
-625.93052577
-625.90787213
-625.88053070
-625.84944330
-625.81587385
-625.78097986
-625.74594366
-625.71174016
-625.67965781
-625.65080101
-625.62597820
-625.60621489
-625.59220166
-625.59383341
-625.59009364
-625.58673607
-625.58206824
-625.57450843
-625.56245854
-625.54422798
-625.51846451
-625.48412256
-625.44071425
-625.38821386
-625.32747565
-625.26006319
-625.18820569
-625.11494048
-625.04369952
-624.97809712
-624.92184042
-624.87850045
-624.85119086
-624.84225112
-624.85308143
-624.88405814
-624.93429788
-625.00157855
-625.08236532
-625.17235944
-625.26654106
-625.35949448
-625.44602587
-625.52051367
-625.57765351
-625.61397630
-625.62766042
-625.61868992
-625.58858551
-625.54041640
-625.47838721
-625.50939826
-625.43043572
-625.34854802
-625.26882597
-625.19570805
-625.13289883
-625.08302376
-625.04765405
-625.02720023
-625.02103980
-625.02789702
-625.04646296
-625.07495794
-625.11075858
-625.14910875
-625.18408573
-625.21017321
-625.22362423
-625.22320680
-625.21002354
-625.18563299
-625.15284642
-625.11561067
-625.07856223
-625.04610675
-625.02191821
-625.00848489
-625.00656595
-625.01545989
-625.03390758
-625.05973284
-625.09100066
-625.12556162
-625.16127813
-625.19598768
-625.22754743
-625.25410349
-625.27375731
-625.28510573
-625.28712547
-625.27947681
-625.26264260
-625.23774055
-625.20656186
-625.17141758
-625.13508544
-625.10058287
-625.07107759
-625.04940567
-625.03779671
-625.03748182
-625.04831518
-625.06910311
-625.09770939
-625.13129329
-625.16646705
-625.19972198
-625.22761362
-625.24755389
-625.25789087
-625.25845066
-625.25041763
-625.23642895
-625.22013787
-625.20669358
-625.21290147
-625.23403182
-625.26817309
-625.31348738
-625.36711345
-625.42464304
-625.48096197
-625.53037774
-625.56728607
-625.58692448
-625.58541652
-625.56072029
-625.51297312
-625.44445626
-625.35925854
-625.26297184
-625.16197472
-625.06271007
-624.97050552
-624.88996313
-624.82475716
-624.77720553
-624.74837578
-624.73804531
-624.74475481
-624.76617443
-624.79957387
-624.84199011
-624.89067206
-624.94335597
-624.99815831
-625.05385835
-625.10988092
-625.16625131
-625.22352918
-625.28253898
-625.34427280
-625.40945920
-625.47830667
-625.55050154
-625.62518039
-625.70121079
-625.77719078
-625.85153189
-625.92252379
-625.98853590
-626.04767866
-626.09827432
-626.13875047
-626.16793743
-626.18531436
-626.19113700
-626.18629368
-626.17248252
-626.15200549
-626.12754335
-626.10193997
-626.07822149
-626.05920401
-626.04707552
-626.04330131
-626.04839982
-626.06182613
-626.08225239
-626.10753024
-626.13497943
-626.16176873
-626.18530616
-626.20335298
-626.21460342
-626.21836141
-626.21467657
-626.20423169
-626.18814754
-626.16768006
-626.14407728
-626.11862584
-626.09237769
-626.06623553
-626.04083367
-626.01641415
-625.99272995
-625.96893625
-625.94383355
-625.91578177
-625.88303604
-625.84395485
-625.79749915
-625.74317901
-625.68154237
-625.61419445
-625.54412040
-625.47447250
-625.40790546
-625.34656450
-625.29200341
-625.24540288
-625.20741157
-625.17794493
-625.15631656
-625.14684235
-625.13931265
-625.13478669
-625.13117830
-625.12695598
-625.12166139
-625.11880845
-625.11273736
-625.09997548
-625.07951353
-625.05085378
-625.01422971
-624.97022190
-624.92049082
-624.86760409
-624.81522110
-624.76767081
-624.72991677
-624.70645715
-624.70093267
-624.71563666
-624.75112155
-624.80617857
-624.87796084
-624.96234249
-625.05430517
-625.14832300
-625.23877308
-625.32035937
-625.38846716
-625.43941644
-625.47073342
-625.48133963
-625.47136783
-625.44227161
-625.39634821
-625.33679448
-625.26715695
-625.19156703
-625.11433790
-625.03974558
-624.97205310
-624.91487705
-624.87121733
-624.84335638
-624.83294649
-624.84089387
-624.88728848
-624.93090161
-624.98587366
-625.04918784
-625.11726175
-625.18636843
-625.25275979
-625.31276249
-625.36360416
-625.40325034
-625.43091131
-625.44643889
-625.44965941
-625.44085050
-625.42033975
-625.38901345
-625.34774151
-625.29756278
-625.23991109
-625.17664569
-625.11013850
-625.04346256
-624.98002535
-624.92361774
-624.87772987
-624.84533303
-624.82868641
-624.82890718
-624.84584054
-624.87838549
-624.92449342
-624.98116648
-625.04501942
-625.11214592
-625.17875206
-625.24122308
-625.29624131
-625.34098132
-625.37327860
-625.39183261
-625.39595106
-625.38573028
-625.36191539
-625.32607972
-625.28040743
-625.22737208
-625.17017994
-625.11190154
-625.05581027
-625.00472698
-624.96110272
-624.92670111
-624.90225911
-624.89345444
-624.89087472
-624.89441932
-624.90095088
-624.90709282
-624.90986517
-624.90640368
-624.89530227
-624.87725926
-624.85254821
-624.82213880
-624.78880904
-624.75620915
-624.72800356
-624.70765169
-624.69795848
-624.70064201
-624.71640504
-624.74466774
-624.78354124
-624.83138639
-624.88534795
-624.94344378
-625.00370058
-625.06438407
-625.12378334
-625.18050630
-625.23297510
-625.27962508
-625.31897448
-625.34933695
-625.36935499
-625.37807619
-625.37501859
-625.36032681
-625.33493294
-625.30038714
-625.25880037
-625.21272079
-625.16494298
-625.12681795
-625.09618912
-625.07332946
-625.05811728
-625.05036263
-625.04991781
-625.05636332
-625.06922491
-625.09037155
-625.16142257
-625.23802255
-625.31721553
-625.39383838
-625.46284740
-625.51917298
-625.55834340
-625.57691977
-625.57270067
-625.54519058
-625.49591058
-625.42818591
-625.34716297
-625.25939698
-625.17215190
-625.09265332
-625.02710209
-624.98015510
-624.95445597
-624.95044572
-624.96638075
-624.99879546
-625.04305788
-625.09436902
-625.14788455
-625.19948944
-625.24612710
-625.28580487
-625.31756707
-625.34162071
-625.35906519
-625.37213402
-625.38444418
-625.39898126
-625.41562122
-625.43263632
-625.44806645
-625.46078492
-625.47023517
-625.47630210
-625.47908139
-625.47924017
-625.47781166
-625.47611287
-625.47536585
-625.47684541
-625.48136678
-625.48916279
-625.50005506
-625.51321691
-625.52750482
-625.54161434
-625.55445436
-625.56529254
-625.57405812
-625.58150131
-625.58905822
-625.59880422
-625.61313600
-625.63441548
-625.66457858
-625.70477287
-625.75503175
-625.81425729
-625.88027159
-625.94983113
-626.01914897
-626.08410297
-626.14060133
-626.18479822
-626.21354339
-626.22431541
-626.21562625
-626.18705426
-626.13912749
-626.07337643
-625.99197801
-625.89778065
-625.79433388
-625.68581277
-625.57627951
-625.46982086
-625.36992130
-625.27904710
-625.19859243
-625.12880365
-625.06865268
-625.01613781
-624.96877614
-624.92378198
-624.87858195
-624.83117980
-624.78030482
-624.72571522
-624.66825068
-624.60965957
-624.55266102
-624.50054871
-624.45688372
-624.42534434
-624.40935117
-624.41146016
-624.43340992
-624.47574569
-624.53789859
-624.61802189
-624.71333521
-624.82021308
-624.93449151
-625.05194933
-625.16828542
-625.27955280
-625.38235873
-625.47377306
-625.55124861
-625.61302386
-625.65792337
-625.68532506
-625.69543531
-625.68924501
-625.66847887
-625.63538508
-625.59246371
-625.54205176
-625.48645326
-625.45426268
-625.40099974
-625.35104325
-625.30739371
-625.27309669
-625.25118050
-625.24463104
-625.25614991
-625.29973554
-625.35155323
-625.41917989
-625.49931482
-625.58721684
-625.67675879
-625.76083479
-625.83217257
-625.88394262
-625.91084175
-625.90941166
-625.87886876
-625.82077572
-625.73931781
-625.64070540
-625.53246690
-625.42291725
-625.32015776
-625.23170376
-625.16358301
-625.12011943
-625.10407927
-625.11610464
-625.15545881
-625.21969809
-625.30500305
-625.40651151
-625.51831331
-625.63389023
-625.74624223
-625.84836474
-625.93614769
-625.99957853
-626.03577412
-626.04193472
-626.01708622
-625.96241353
-625.88146006
-625.77934409
-625.66284159
-625.53976248
-625.41789575
-625.30490239
-625.20718342
-625.12975521
-625.07556933
-625.04559307
-625.03880370
-625.05199936
-625.08055841
-625.11908908
-625.16148251
-625.20206059
-625.23580619
-625.25807061
-625.26563344
-625.25664595
-625.23087982
-625.18934603
-625.13446551
-625.07003904
-625.00089953
-624.93269609
-624.87145003
-624.82278484
-624.79161492
-624.78154864
-624.79472925
-624.83144452
-624.89031244
-624.96854502
-625.06245422
-625.16757488
-625.27902400
-625.39205641
-625.50181613
-625.60391078
-625.69420561
-625.76937605
-625.82639343
-625.86336087
-625.87893515
-625.87312995
-625.84692264
-625.80243356
-625.74308735
-625.67300799
-625.59718857
-625.52087606
-625.44924135
-625.38705212
-625.33806606
-625.30498880
-625.28926948
-625.29134537
-625.31081015
-625.34653699
-625.39708915
-625.50152678
-625.63244301
-625.77383482
-625.91928171
-626.06263684
-626.19804002
-626.32038274
-626.42521540
-626.50910780
-626.56971839
-626.60592475
-626.61769473
-626.60605298
-626.57292478
-626.52088652
-626.45307590
-626.37313139
-626.28499925
-626.19265752
-626.09983424
-626.00967201
-625.92469360
-625.84653741
-625.77591744
-625.71273264
-625.65610844
-625.60441370
-625.55532957
-625.50614476
-625.45430652
-625.39695258
-625.33185093
-625.25743342
-625.17292849
-625.07861464
-624.97568267
-624.86619238
-624.75303195
-624.63971385
-624.53020130
-624.42858846
-624.33892612
-624.26497752
-624.21007378
-624.17697489
-624.16762132
-624.18308462
-624.22335923
-624.28735441
-624.37297837
-624.47698367
-624.59529146
-624.72292256
-624.85452933
-624.98457877
-625.10780106
-625.21946126
-625.31601205
-625.39521035
-625.45635002
-625.50040760
-625.52969964
-625.54754591
-625.55752066
-625.56277769
-625.56515138
-625.56530739
-625.56242439
-625.55490018
-625.54090141
-625.51912225
-625.48933132
-625.45262225
-625.41140455
-625.36908803
-625.32950916
-625.29633724
-625.27260411
-625.26046805
-625.26082078
-625.27374510
-625.29851963
-625.33400795
-625.37911809
-625.43269245
-625.49383197
-625.56152563
-625.63459224
-625.71148581
-625.79046225
-625.86936384
-625.94583310
-626.01735896
-626.08172621
-626.13713225
-626.18212729
-626.21593092
-626.23828158
-626.24943094
-626.24983513
-626.24003868
-626.22063260
-626.19219353
-626.15554673
-626.11192258
-626.06315707
-626.01206666
-625.96247882
-625.91915237
-625.88719438
-625.87127692
-625.87482198
-625.89901480
-625.94246747
-626.00129693
-626.06970853
-626.14082094
-626.20788250
-626.26492922
-626.30757329
-626.33305656
-626.34038997
-626.33002167
-626.30355669
-626.26336386
-626.21220510
-626.15313135
-626.11762322
-626.05752551
-625.99771336
-625.93979099
-625.88518436
-625.83484950
-625.78941576
-625.74943010
-625.71533151
-625.68763949
-625.66684088
-625.65321556
-625.64969232
-625.65023450
-625.65608600
-625.66591628
-625.67798983
-625.69070165
-625.70269512
-625.71333241
-625.72243461
-625.73028993
-625.73748119
-625.74490359
-625.75341602
-625.76379032
-625.77630324
-625.79082603
-625.80662024
-625.82260200
-625.83712852
-625.84845543
-626.04402318
-626.06927131
-626.07986809
-626.07405971
-626.05115517
-626.01184617
-625.95805722
-625.89302343
-625.82109821
-625.74733585
-625.67731422
-625.61652218
-625.56981589
-625.54126542
-625.53355805
-625.54802067
-625.58433025
-625.64059591
-625.71368809
-625.79937567
-625.89259045
-625.98808577
-626.08075844
-626.16488513
-626.23413226
-626.28315404
-626.30725168
-626.30311709
-626.27538766
-626.22044311
-626.13292219
-626.01446113
-625.86912979
-625.72603249
-625.54803724
-625.36137902
-625.17624511
-625.00279557
-624.85067293
-624.72851287
-624.64303867
-624.59855821
-624.59667966
-624.63640727
-624.71229273
-624.81803009
-624.94562494
-625.08803431
-625.23851930
-625.38333238
-625.51473407
-625.62596479
-625.71220980
-625.77047761
-625.79975713
-625.80058980
-625.77481733
-625.72560251
-625.65668788
-625.57235621
-625.47717682
-625.37605983
-625.27397236
-625.17588161
-625.08667428
-625.01084935
-624.95224179
-624.91378699
-624.89726400
-624.90310414
-624.93052606
-624.97756114
-625.04121852
-625.11760443
-625.20243015
-625.29153257
-625.38142290
-625.46944606
-625.55253660
-625.62651581
-625.68715662
-625.73111565
-625.75637196
-625.76221916
-625.74905397
-625.71845095
-625.67283288
-625.61532778
-625.54973310
-625.48016552
-625.41090019
-625.34611852
-625.28960690
-625.24448036
-625.21325273
-625.19708208
-625.19570423
-625.20750380
-625.22951635
-625.25736718
-625.28606128
-625.31040001
-625.32581159
-625.32850660
-625.31590682
-625.28693990
-625.24231876
-625.18490353
-625.11888586
-625.05031188
-624.99862071
-624.94756387
-624.90982050
-624.88914516
-624.88878786
-624.91057212
-624.95490084
-625.02092817
-625.13092171
-625.23619143
-625.35257316
-625.47491893
-625.59789544
-625.71615443
-625.82488576
-625.92018955
-625.99928201
-626.06028351
-626.10265678
-626.12648573
-626.13329027
-626.12543769
-626.10592790
-626.07868272
-626.04750700
-626.01662860
-625.98974748
-625.97018634
-625.96050513
-625.96234554
-625.97634973
-626.00204001
-626.03766536
-626.08054279
-626.12699183
-626.17269467
-626.21307044
-626.24347299
-626.25978966
-626.25878567
-626.23837004
-626.19772195
-626.13743123
-626.05951591
-625.96677204
-625.86288791
-625.75171037
-625.63691485
-625.52102285
-625.40473494
-625.28716303
-625.19279084
-625.06510608
-624.93323733
-624.80199599
-624.67737443
-624.56589274
-624.47402711
-624.40830304
-624.37443698
-624.37104373
-624.39846114
-624.45447509
-624.53534492
-624.63617540
-624.75126193
-624.87468072
-625.00050597
-625.12317115
-625.23778863
-625.34064417
-625.42961804
-625.50456795
-625.56716596
-625.62108919
-625.67154940
-625.72437404
-625.78584377
-625.86081780
-625.95279567
-626.06271404
-626.18896018
-626.32768755
-626.47313278
-626.61843535
-626.75661775
-626.88107496
-626.98664931
-627.06953038
-627.12735855
-627.15904793
-627.16465484
-627.14499652
-627.10169283
-627.03664079
-626.95230628
-626.85125368
-626.73665810
-626.61211873
-626.48175483
-626.34994924
-626.22134752
-626.10058106
-625.99215757
-625.90021950
-625.82849767
-625.77985759
-625.75652255
-625.75968633
-625.78943904
-625.84525550
-625.93770352
-626.04522259
-626.16022299
-626.27618009
-626.38671704
-626.48617698
-626.56971970
-626.63382666
-626.67614940
-626.69581073
-626.69299550
-626.66902581
-626.62631272
-626.56795724
-626.49768488
-626.41984643
-626.33900864
-626.25996164
-626.18773045
-626.12760160
-626.08494434
-626.06385521
-626.06572476
-626.08963597
-626.13282047
-626.19074545
-626.25710067
-626.32481325
-626.38710453
-626.43826578
-626.47374554
-626.49093756
-626.49071872
-626.46657380
-626.42123949
-626.35738708
-626.27889672
-626.19054629
-626.09767261
-626.00590807
-625.92058178
-625.84677237
-625.78884767
-625.75010519
-625.73480086
-625.74159535
-625.76980432
-625.81694287
-625.87857938
-625.94954447
-626.02408729
-626.09647726
-626.16175080
-626.21668812
-626.26010875
-626.29076953
-626.30728207
-626.30913614
-626.29667889
-626.27036462
-626.23072631
-626.17856371
-626.11495997
-626.04110681
-625.95854850
-625.86924860
-625.77561462
-625.68048175
-625.58715055
-625.49930154
-625.42065423
-625.35459512
-625.30410040
-625.27108274
-625.25645799
-625.26025177
-625.29248946
-625.33435024
-625.39047266
-625.46406348
-625.55390932
-625.64881045
-625.74112410
-625.82572990
-625.89913349
-625.95858088
-626.00282712
-626.03164367
-626.04548090
-626.04583967
-626.03422798
-626.01263726
-625.98328435
-625.95395098
-625.92249043
-625.89152626
-625.86234378
-625.83460942
-625.80814781
-625.78413325
-625.76413663
-625.74955858
-625.74170142
-625.74159491
-625.74991510
-625.76702856
-625.79230794
-625.82464465
-625.86241655
-625.90350706
-625.94560277
-625.98640028
-626.02349646
-626.05460974
-626.07785274
-626.09157400
-626.09458907
-626.08593136
-626.06534438
-626.03319652
-625.99031345
-625.93858688
-625.88008357
-625.81811256
-625.75595261
-625.69715306
-625.64527373
-625.60669411
-625.57873936
-625.56473858
-625.56572342
-625.58146391
-625.61134751
-625.65427049
-625.70897923
-625.77406023
-625.84783250
-625.92826273
-626.01263750
-626.09842668
-626.18925578
-626.27153261
-626.34186849
-626.39678329
-626.43353193
-626.45017489
-626.44571012
-626.42037616
-626.37554675
-626.31400053
-626.23965363
-626.15763278
-626.07396330
-625.99543299
-625.92904646
-625.88152273
-625.85879787
-625.86498365
-625.90141322
-625.96621415
-626.05352398
-626.15484749
-626.26046793
-626.36055171
-626.44648710
-626.51177016
-626.55233992
-626.56670030
-626.55536173
-626.51983859
-626.46241027
-626.38582347
-626.29335277
-626.18875697
-626.07629435
-625.96041067
-625.84644698
-625.74012492
-625.64799753
-625.57794251
-625.53177736
-625.50810857
-625.50595917
-625.52322086
-625.55643384
-625.60102273
-625.65161061
-625.70289883
-625.74976062
-625.78804823
-625.81482975
-625.82860342
-625.82914994
-625.81754084
-625.79557365
-625.76568900
-625.73038480
-625.69212340
-625.65281812
-625.61379105
-625.57559032
-625.53814346
-625.50137743
-625.46426505
-625.42593916
-625.38452938
-625.33724947
-625.28159257
-625.21583519
-625.13924875
-625.05194101
-624.95504594
-624.85049976
-624.74108228
-624.63048641
-624.52299711
-624.42298783
-624.33501704
-624.26310322
-624.21045662
-624.17944857
-624.17063638
-624.18313342
-624.21458672
-624.26073574
-624.31645720
-624.37619740
-624.43419240
-624.48537846
-624.52552057
-624.55165193
-624.56222402
-624.55741108
-624.53910278
-624.51039857
-624.47565711
-624.44023268
-624.40991774
-624.39042901
-624.38740819
-624.40528374
-624.44764975
-624.51597744
-624.61029041
-624.72875576
-624.86894668
-625.02701455
-625.19476714
-625.36258869
-625.52190738
-625.66547070
-625.78718197
-625.88270291
-625.94966082
-625.98782005
-625.99885140
-625.98638056
-625.95564092
-625.91273163
-625.86465638
-625.81857673
-625.78159928
-625.75982253
-625.75837595
-625.78037705
-625.82711151
-625.89759736
-625.98876681
-626.09556916
-626.21127774
-626.32804426
-626.43791804
-626.53295656
-626.60611373
-626.65198577
-626.66683788
-626.64928286
-626.59992654
-626.52144734
-626.41869814
-626.29837560
-626.16857692
-626.03823195
-625.91639776
-625.81119606
-625.72955305
-625.67632303
-625.65411642
-625.66321722
-625.70202872
-625.76689179
-625.85301017
-625.95491416
-626.06688582
-626.18344770
-626.29957545
-626.41083263
-626.51343292
-626.60428237
-626.68092745
-626.74167310
-626.78544550
-626.81246085
-626.82406765
-626.82326326
-626.81181600
-626.78701009
-626.74672276
-626.69056152
-626.61942174
-626.53537584
-626.44152043
-626.34194250
-626.24123846
-626.14415529
-626.05525504
-625.97869176
-625.91772666
-625.87446709
-625.84958568
-625.84238757
-625.85102189
-625.87235967
-625.90223800
-625.93647169
-625.97027547
-625.99977372
-626.02121167
-626.03205328
-626.03049963
-626.01582620
-625.98843055
-625.94918387
-625.90015368
-625.84381879
-625.78410203
-625.81567320
-625.77271803
-625.74605488
-625.74018881
-625.74363242
-625.74953191
-625.75533693
-625.77381564
-625.79371156
-625.81064186
-625.82451540
-625.83584968
-625.84561575
-625.85519783
-625.86563830
-625.87787821
-625.89231955
-625.90911717
-625.92769371
-625.94701044
-625.96552894
-625.98157303
-625.99419567
-626.00034674
-625.99785386
-625.98370280
-625.95662877
-625.91678209
-625.86480554
-625.80233394
-625.73173155
-625.65587807
-625.57826151
-625.50237199
-625.43155286
-625.36881397
-625.31676165
-625.27712804
-625.25113983
-625.23941730
-625.24202867
-625.25874442
-625.28906425
-625.33234511
-625.38780433
-625.45447313
-625.53119236
-625.61643672
-625.70838077
-625.80477127
-625.90296169
-626.00005101
-626.09308666
-626.17911952
-626.25553493
-626.32028092
-626.37175480
-626.40901396
-626.43192338
-626.44073315
-626.43613993
-626.41911316
-626.39056272
-626.35105570
-626.30090842
-626.24025016
-626.16927225
-626.08863257
-625.99961621
-625.90397959
-625.80399154
-625.70245491
-625.60269759
-625.50830487
-625.42286154
-625.34934476
-625.28893746
-625.24056117
-625.20210844
-625.17178622
-625.14809682
-625.13016900
-625.11808464
-625.11212976
-625.11339025
-625.12312609
-625.14239411
-625.17206922
-625.21211281
-625.26160799
-625.31848879
-625.37991871
-625.44218584
-625.50141648
-625.57645453
-625.66525573
-625.74113843
-625.79885583
-625.83478605
-625.84662228
-625.84081649
-625.80218859
-625.73588386
-625.66573833
-625.57738414
-625.48389707
-625.39289029
-625.31190794
-625.24808744
-625.20719215
-625.19308170
-625.20727478
-625.24873033
-625.31423611
-625.39927966
-625.49862050
-625.60699887
-625.71977334
-625.83332691
-625.94492819
-626.05302710
-626.15675659
-626.25591464
-626.35062700
-626.44106916
-626.52712956
-626.60809837
-626.68253034
-626.74822981
-626.80274290
-626.84365266
-626.86921559
-626.87841014
-626.87116810
-626.84817271
-626.81076042
-626.76058535
-626.69989938
-626.63113384
-626.55653102
-626.47758520
-626.39532240
-626.31082958
-626.22548233
-626.14076216
-626.05881079
-625.98258730
-625.91718600
-625.86866338
-625.83699648
-625.81711070
-625.80801470
-625.81014130
-625.82380325
-625.84891294
-625.88529208
-625.96337991
-626.02478439
-626.08750212
-626.16241947
-626.21897891
-626.26614157
-626.30178933
-626.32448791
-626.33370380
-626.32992499
-626.31410925
-626.28783747
-626.25301860
-626.21128777
-626.16445472
-626.11404777
-626.06151730
-626.00785779
-625.95367075
-625.89900096
-625.84358696
-625.78680002
-625.72784075
-625.66592189
-625.60121555
-625.53446856
-625.46792242
-625.40518954
-625.35100614
-625.31099365
-625.29078803
-625.29504739
-625.32606733
-625.38339732
-625.46342434
-625.55946258
-625.66307979
-625.76470435
-625.85526284
-625.92679110
-625.97320940
-625.99095929
-625.97929480
-625.93903446
-625.87359906
-625.78731917
-625.68603072
-625.57609225
-625.46402513
-625.35625393
-625.25862739
-625.17611008
-625.11241230
-625.07027831
-625.05109104
-625.05499639
-625.08124354
-625.12848061
-625.19308271
-625.26945120
-625.35162349
-625.43359090
-625.51000877
-625.57598197
-625.62764736
-625.66223620
-625.67818091
-625.67523136
-625.65446792
-625.61809805
-625.56954173
-625.51325374
-625.45424642
-625.39742289
-625.34713075
-625.30643750
-625.27724095
-625.26063939
-625.25677800
-625.26532437
-625.28560146
-625.31680744
-625.35784510
-625.40705966
-625.46240873
-625.52191547
-625.58362419
-625.64570754
-625.70591825
-625.76247611
-625.81409453
-625.86011560
-625.90004024
-625.93347249
-625.96005782
-625.97935633
-625.99039047
-625.99210391
-625.98402608
-625.96678222
-625.94196036
-625.91153335
-625.87808899
-625.84406663
-625.81172848
-625.78292898
-625.75901686
-625.74043307
-625.72677769
-625.71716865
-625.71015468
-625.70368545
-625.69571686
-625.68435393
-625.66820301
-625.64672087
-625.61987340
-625.58828233
-625.55318394
-625.51613116
-625.47889603
-625.44396437
-625.41415019
-625.39844987
-625.39402773
-625.40404683
-625.43160446
-625.47953469
-625.55487176
-625.65901416
-625.78207563
-625.92099445
-626.07150774
-626.22864816
-626.38674632
-626.53924976
-626.68042326
-626.80497137
-626.90837954
-626.98698692
-627.03822854
-627.06053650
-627.05348795
-627.01751064
-626.95430892
-626.86633168
-626.75701360
-626.63119373
-626.49501977
-626.35589123
-626.22167272
-626.10012511
-625.99860640
-625.92331877
-625.87960552
-625.88228249
-625.91573600
-625.97938686
-626.06809560
-626.17516616
-626.29277046
-626.41303046
-626.52812470
-626.63068563
-626.71387611
-626.77129367
-626.79745991
-626.78810615
-626.74066216
-626.65507146
-626.53477931
-626.38606726
-626.21648420
-626.03477370
-625.85101272
-625.67596361
-625.51740694
-625.37980544
-625.26803282
-625.18761155
-625.14365934
-625.13957536
-625.17625378
-625.25068023
-625.35636759
-625.48438738
-625.62445790
-625.76549036
-625.89684720
-626.00932321
-626.13964917
-626.22493496
-626.27882765
-626.29838983
-626.28369491
-626.23750293
-626.16474809
-626.07213343
-625.96732306
-625.85841433
-625.75293409
-625.65741979
-625.57682236
-625.51415089
-625.47064325
-625.44554687
-625.43661343
-625.44070900
-625.45365955
-625.47132363
-625.48952493
-625.50473383
-625.51399709
-625.51544273
-625.50813089
-625.49235728
-625.46965665
-625.44267740
-625.41580569
-625.41051821
-625.43139244
-625.46018687
-625.49697162
-625.54244877
-625.59680074
-625.65979930
-625.73069221
-625.80797154
-625.88976865
-625.97342337
-626.05603489
-626.13453884
-626.20589501
-626.26727809
-626.31670520
-626.35265158
-626.37478725
-626.38363719
-626.38052263
-626.36755032
-626.34717248
-626.32186687
-626.29419960
-626.26593999
-626.23861185
-626.21288331
-626.18825387
-626.16349512
-626.13752941
-626.10843814
-626.07622184
-626.03479122
-625.98350139
-625.92304092
-625.85550836
-625.78483712
-625.71681273
-625.65473826
-625.59906399
-625.55393738
-625.51832160
-625.49268081
-625.47673651
-625.46899765
-625.46657085
-625.46570285
-625.46207152
-625.45088845
-625.42791892
-625.39001498
-625.33549182
-625.26461301
-625.17890356
-625.08099465
-624.97439890
-624.86328401
-624.75243343
-624.64700277
-624.55179531
-624.47118394
-624.40906649
-624.36888277
-624.35265988
-624.36062932
-624.39044826
-624.43866941
-624.50145403
-624.57413611
-624.65137605
-624.72786427
-624.79825821
-624.85793474
-624.90330148
-624.93224984
-624.94411835
-624.93988820
-624.92200398
-624.89424513
-624.86110842
-624.82726871
-624.79716947
-624.77498719
-624.76353615
-624.76477890
-624.77990966
-624.82109512
-624.87147118
-624.93058511
-624.99515488
-625.06209127
-625.12792716
-625.18891365
-625.24195031
-625.28439069
-625.31448284
-625.33147335
-625.33563087
-625.32851495
-625.31194433
-625.28870700
-625.26153528
-625.23354096
-625.20738961
-625.18571592
-625.17082399
-625.16512979
-625.17156262
-625.19403247
-625.23333302
-625.28034073
-625.33145538
-625.38454381
-625.43765824
-625.48972619
-625.54000741
-625.58830263
-625.63501669
-625.68078247
-625.72672220
-625.77377181
-625.82242926
-625.87301173
-625.92476306
-625.98395446
-626.03518095
-626.07987177
-626.11521323
-626.13809441
-626.14579630
-626.13688859
-626.11054722
-626.06843744
-626.01263384
-625.94725483
-625.87734912
-625.80824050
-625.74591626
-625.69466009
-625.65888298
-625.64044881
-625.64047139
-625.65864209
-625.69355258
-625.74266258
-625.80301632
-625.87242163
-625.95248291
-626.03466209
-626.11477755
-626.18895991
-626.25363728
-626.30601928
-626.34391046
-626.36623333
-626.37327552
-626.36605552
-626.34581748
-626.31372294
-626.27159507
-626.22172432
-626.16680741
-626.10926815
-626.05169831
-625.99637590
-625.94561244
-625.90109006
-625.86443139
-625.83685569
-625.81904580
-625.81111723
-625.81249324
-625.82187832
-625.83740229
-625.85669623
-625.87736596
-625.89676087
-625.91289827
-625.92451740
-625.93140542
-625.93441778
-625.93542489
-625.93603090
-625.93826862
-625.94437547
-625.95670866
-625.97695081
-626.00588094
-626.04325356
-626.08752818
-626.13623117
-626.18618660
-626.23391300
-626.27607672
-626.30966667
-626.33243004
-626.34264092
-626.33932761
-626.32213191
-626.29174833
-626.24996497
-626.20016387
-626.14820066
-626.09860892
-626.04904826
-625.99755760
-625.94356912
-625.88715267
-625.82880782
-625.76937439
-625.71001316
-625.65208843
-625.59721479
-625.54700579
-625.50324971
-625.46779289
-625.44252494
-625.45289331
-625.45580897
-625.47197864
-625.50293113
-625.54980090
-625.61311458
-625.69275881
-625.78786534
-625.89655569
-626.01597181
-626.14229747
-626.27113304
-626.39751181
-626.51641461
-626.62271557
-626.71180427
-626.77967473
-626.82325355
-626.84049763
-626.83387371
-626.80473359
-626.75441516
-626.68598960
-626.60437356
-626.52175819
-626.43663383
-626.35018406
-626.26503815
-626.18374647
-626.10857442
-626.04508354
-625.98679339
-625.93629463
-625.89485427
-625.86388139
-625.84452700
-625.83764809
-625.84365031
-625.86275449
-625.89475964
-625.93899832
-625.99447237
-626.05974406
-626.13302017
-626.21201547
-626.29394762
-626.37608265
-626.45557759
-626.52959919
-626.59506498
-626.64855080
-626.68699883
-626.70799718
-626.71023911
-626.69345606
-626.65799794
-626.60536870
-626.53897803
-626.46395038
-626.38652064
-626.31344564
-626.25302838
-626.20323936
-626.16263732
-626.13167627
-626.11017185
-626.09708473
-626.09086800
-626.08974769
-626.09234257
-626.10306515
-626.10909271
-626.11512425
-626.12072838
-626.12598552
-626.13060199
-626.13417715
-626.13550183
-626.13305854
-626.12538182
-626.11100178
-626.08877591
-626.05849500
-626.02069462
-625.97688880
-625.92944619
-625.88116720
-625.83531744
-625.79518741
-625.76388042
-625.74389597
-625.73705247
-625.74426114
-625.76448983
-625.79600101
-625.83627841
-625.88234355
-625.93105856
-625.97925310
-626.02477376
-626.06365978
-626.09347049
-626.11149518
-626.11529536
-626.10271811
-626.07255717
-626.02462732
-625.96020250
-625.88221969
-625.79509359
-625.70486417
-625.61818928
-625.54191114
-625.48241816
-625.44434739
-625.43038028
-625.44049051
-625.47201051
-625.51990266
-625.57754080
-625.63738595
-625.69215325
-625.73560217
-625.76325233
-625.77273211
-625.76389613
-625.73840670
-625.69934227
-625.65067885
-625.59689828
-625.54258799
-625.49228846
-625.45027824
-625.42020654
-625.40501697
-625.40667072
-625.42642166
-625.46445409
-625.51988035
-625.59074581
-625.67407616
-625.76583065
-625.86124475
-625.95518498
