kx	ky	Q3(up)
0.	0.	0.032624
0.00798121	0.00460795	0.0310012
0.0159624	0.0092159	0.0261159
0.0239436	0.0138238	0.0179915
0.0319248	0.0184318	0.00693953
0.039906	0.0230397	-0.00612293
0.0478872	0.0276477	-0.0195962
0.0558684	0.0322556	-0.03169
0.0638496	0.0368636	-0.0411373
0.0718308	0.0414715	-0.0474161
0.0798119	0.0460794	-0.0504975
-0.0798119	-0.0460794	-0.0504975
-0.0718308	-0.0414715	-0.0474161
-0.0638496	-0.0368636	-0.0411374
-0.0558684	-0.0322556	-0.03169
-0.0478872	-0.0276477	-0.0195962
-0.039906	-0.0230397	-0.00612291
-0.0319248	-0.0184318	0.00693952
-0.0239436	-0.0138238	0.0179915
-0.0159624	-0.0092159	0.0261159
-0.00798121	-0.00460795	0.0310011
0.	0.00921591	0.0310015
0.00798121	0.0138239	0.0277567
0.0159624	0.0184318	0.0213005
0.0239436	0.0230397	0.0117759
0.0319248	0.0276477	-0.000277553
0.039906	0.0322556	-0.0136363
0.0478872	0.0368636	-0.0265452
0.0558684	0.0414715	-0.0373964
0.0638496	0.0460795	-0.0452727
0.0718308	0.0506874	-0.0499242
0.0798119	0.0552954	-0.0514467
-0.0798119	-0.0368635	-0.0499255
-0.0718308	-0.0322556	-0.0452738
-0.0638496	-0.0276476	-0.0373973
-0.0558684	-0.0230397	-0.0265465
-0.0478872	-0.0184318	-0.0136377
-0.039906	-0.0138238	-0.000279
-0.0319248	-0.00921587	0.0117746
-0.0239436	-0.00460793	0.0213001
-0.0159624	          -9
9.67685 10	0.027757
-0.00798121	0.00460795	0.0310018
0.	0.0184318	0.026115
0.00798121	0.0230398	0.0212991
0.0159624	0.0276477	0.0135141
0.0239436	0.0322556	0.00305178
0.0319248	0.0368636	-0.00935982
0.039906	0.0414715	-0.0223198
0.0478872	0.0460795	-0.0341127
0.0558684	0.0506874	-0.0434055
0.0638496	0.0552954	-0.0495818
0.0718308	0.0599033	-0.0525975
0.0798119	0.0645112	-0.0525993
-0.0798119	-0.0276476	-0.0495842
-0.0718308	-0.0230397	-0.0434074
-0.0638496	-0.0184318	-0.0341151
-0.0558684	-0.0138238	-0.0223224
-0.0478872	-0.00921587	-0.00936258
-0.039906	-0.00460793	0.00304988
-0.0319248	          -8
1.93537 10	0.0135133
-0.0239436	0.00460796	0.0212991
-0.0159624	0.0092159	0.0261156
-0.00798121	0.0138238	0.0277566
0.	0.0276477	0.0179888
0.00798121	0.0322556	0.011772
0.0159624	0.0368636	0.00304924
0.0239436	0.0414715	-0.00776635
0.0319248	0.0460794	-0.0198099
0.039906	0.0506874	-0.0316456
0.0478872	0.0552953	-0.0417677
0.0558684	0.0599033	-0.049185
0.0638496	0.0645112	-0.0535719
0.0718308	0.0691192	-0.0550063
0.0798119	0.0737271	-0.0535747
-0.0798119	-0.0184318	-0.0491883
-0.0718308	-0.0138238	-0.041771
-0.0638496	-0.00921589	-0.0316495
-0.0558684	-0.00460794	-0.0198135
-0.0478872	          -13
4.63386 10	-0.00776958
-0.039906	0.00460794	0.00304739
-0.0319248	0.00921589	0.0117711
-0.0239436	0.0138238	0.0179887
-0.0159624	0.0184318	0.0212985
-0.00798121	0.0230397	0.0212985
0.	0.0368636	0.00693312
0.00798121	0.0414715	-0.000284933
0.0159624	0.0460795	-0.0093666
0.0239436	0.0506874	-0.0198131
0.0319248	0.0552953	-0.030697
0.039906	0.0599033	-0.0407104
0.0478872	0.0645112	-0.0487063
0.0558684	0.0691192	-0.0540881
0.0638496	0.0737271	-0.0567464
0.0718308	0.0783351	-0.0567483
0.0798119	0.082943	-0.0540916
-0.0798119	-0.00921589	-0.0487104
-0.0718308	-0.00460794	-0.0407153
-0.0638496	          -13
6.17846 10	-0.0307024
-0.0558684	0.00460794	-0.0198181
-0.0478872	0.00921589	-0.00936947
-0.039906	0.0138238	-0.000287001
-0.0319248	0.0184318	0.00693134
-0.0239436	0.0230397	0.0117694
-0.0159624	0.0276477	0.0135101
-0.00798121	0.0322556	0.011771
0.	0.0460794	-0.00613363
0.00798121	0.0506874	-0.0136475
0.0159624	0.0552953	-0.0223291
0.0239436	0.0599033	-0.0316529
0.0319248	0.0645112	-0.0407143
0.039906	0.0691192	-0.0484747
0.0478872	0.0737271	-0.0542215
0.0558684	0.0783351	-0.0576847
0.0638496	0.082943	-0.058836
0.0718308	0.087551	-0.0576873
0.0798119	0.0921589	-0.0542255
-0.0798119	          -13
7.72313 10	-0.0484807
-0.0718308	0.00460794	-0.0407209
-0.0638496	0.00921589	-0.0316593
-0.0558684	0.0138238	-0.0223352
-0.0478872	0.0184318	-0.0136523
-0.039906	0.0230397	-0.00613728
-0.0319248	0.0276477	-0.000290272
-0.0239436	0.0322556	0.00304285
-0.0159624	0.0368635	0.00304404
-0.00798121	0.0414715	-0.000287174
0.	0.0552953	-0.019611
0.00798121	0.0599033	-0.0265595
0.0159624	0.0645112	-0.0341252
0.0239436	0.0691192	-0.0417781
0.0319248	0.0737271	-0.048714
0.039906	0.0783351	-0.0542252
0.0478872	0.082943	-0.0579608
0.0558684	0.087551	-0.0598305
0.0638496	0.0921589	-0.0598318
0.0718308	0.0967668	-0.0579646
0.0798119	0.101375	-0.0542311
-0.0798119	0.00921589	-0.0487212
-0.0718308	0.0138238	-0.0417862
-0.0638496	0.0184318	-0.0341338
-0.0558684	0.0230397	-0.0265672
-0.0478872	0.0276477	-0.0196175
-0.039906	0.0322556	-0.013655
-0.0319248	0.0368636	-0.00937592
-0.0239436	0.0414715	-0.00777837
-0.0159624	0.0460794	-0.0093737
-0.00798121	0.0506874	-0.013651
0.	0.0645112	-0.0317085
0.00798121	0.0691192	-0.0374137
0.0159624	0.0737271	-0.0434218
0.0239436	0.0783351	-0.0491996
0.0319248	0.082943	-0.0540995
0.039906	0.087551	-0.0576923
0.0478872	0.0921589	-0.0598341
0.0558684	0.0967668	-0.0605401
0.0638496	0.101375	-0.0598373
0.0718308	0.105983	-0.057698
0.0798119	0.110591	-0.0541071
-0.0798119	0.0184318	-0.0492082
-0.0718308	0.0230397	-0.0434308
-0.0638496	0.0276477	-0.0374229
-0.0558684	0.0322556	-0.0317167
-0.0478872	0.0368636	-0.0265707
-0.039906	0.0414715	-0.0223422
-0.0319248	0.0460794	-0.0198284
-0.0239436	0.0506874	-0.0198273
-0.0159624	0.0552953	-0.0223383
-0.00798121	0.0599033	-0.0265645
0.	0.0737271	-0.041159
0.00798121	0.0783351	-0.0452935
0.0159624	0.082943	-0.0496018
0.0239436	0.087551	-0.0535901
0.0319248	0.0921589	-0.0567616
0.039906	0.0967668	-0.0588474
0.0478872	0.101375	-0.0598396
0.0558684	0.105983	-0.059841
0.0638496	0.110591	-0.0588523
0.0718308	0.115199	-0.0567684
0.0798119	0.119807	-0.0535985
-0.0798119	0.0276477	-0.049611
-0.0718308	0.0322556	-0.0453033
-0.0638496	0.0368636	-0.0411682
-0.0558684	0.0414715	-0.0374255
-0.0478872	0.0460794	-0.0341411
-0.039906	0.0506874	-0.03167
-0.0319248	0.0552953	-0.0307168
-0.0239436	0.0599033	-0.0316679
-0.0159624	0.0645112	-0.0341352
-0.00798121	0.0691192	-0.0374188
0.	0.082943	-0.0474398
0.00798121	0.087551	-0.049948
0.0159624	0.0921589	-0.0526204
0.0239436	0.0967668	-0.0550267
0.0319248	0.101375	-0.0567651
0.039906	0.105983	-0.0577019
0.0478872	0.110591	-0.0579758
0.0558684	0.115199	-0.0577052
0.0638496	0.119807	-0.0567726
0.0718308	0.124415	-0.0550346
0.0798119	0.129022	-0.0526289
-0.0798119	0.0368636	-0.0499568
-0.0718308	0.0414715	-0.0474493
-0.0638496	0.0460794	-0.0453055
-0.0558684	0.0506874	-0.0434364
-0.0478872	0.0552953	-0.0417967
-0.039906	0.0599033	-0.0407357
-0.0319248	0.0645112	-0.0407338
-0.0239436	0.0691192	-0.0417927
-0.0159624	0.0737271	-0.0434306
-0.00798121	0.0783351	-0.0452972
0.	0.0921589	-0.0505219
0.00798121	0.0967669	-0.0514705
0.0159624	0.101375	-0.052622
0.0239436	0.105983	-0.0535958
0.0319248	0.110591	-0.054111
0.039906	0.115199	-0.0542424
0.0478872	0.119807	-0.0542437
0.0558684	0.124415	-0.054116
0.0638496	0.129022	-0.0536041
0.0718308	0.13363	-0.0526308
0.0798119	0.138238	-0.0514799
-0.0798119	0.0460794	-0.0505316
-0.0718308	0.0506874	-0.0499592
-0.0638496	0.0552953	-0.0496145
-0.0558684	0.0599033	-0.049217
-0.0478872	0.0645112	-0.0487337
-0.039906	0.0691192	-0.0484971
-0.0319248	0.0737271	-0.0487308
-0.0239436	0.0783351	-0.0492108
-0.0159624	0.082943	-0.0496078
-0.00798121	0.0875509	-0.0499493
0.	-0.0921589	-0.0505218
0.00798121	-0.0875509	-0.0499493
0.0159624	-0.082943	-0.0496078
0.0239436	-0.0783351	-0.0492108
0.0319248	-0.0737271	-0.0487308
0.039906	-0.0691192	-0.0484971
0.0478872	-0.0645112	-0.0487337
0.0558684	-0.0599033	-0.049217
0.0638496	-0.0552953	-0.0496145
0.0718308	-0.0506874	-0.0499592
0.0798119	-0.0460794	-0.0505315
-0.0798119	-0.138238	-0.0514797
-0.0718308	-0.13363	-0.0526307
-0.0638496	-0.129022	-0.0536041
-0.0558684	-0.124415	-0.0541161
-0.0478872	-0.119807	-0.0542437
-0.039906	-0.115199	-0.0542424
-0.0319248	-0.110591	-0.054111
-0.0239436	-0.105983	-0.0535958
-0.0159624	-0.101375	-0.0526216
-0.00798121	-0.0967669	-0.0514701
0.	-0.082943	-0.0474398
0.00798121	-0.0783351	-0.0452971
0.0159624	-0.0737271	-0.0434307
0.0239436	-0.0691192	-0.0417927
0.0319248	-0.0645112	-0.0407338
0.039906	-0.0599033	-0.0407357
0.0478872	-0.0552953	-0.0417967
0.0558684	-0.0506874	-0.0434364
0.0638496	-0.0460794	-0.0453055
0.0718308	-0.0414715	-0.0474494
0.0798119	-0.0368636	-0.0499568
-0.0798119	-0.129022	-0.0526289
-0.0718308	-0.124415	-0.0550347
-0.0638496	-0.119807	-0.0567725
-0.0558684	-0.115199	-0.0577055
-0.0478872	-0.110591	-0.0579758
-0.039906	-0.105983	-0.057702
-0.0319248	-0.101375	-0.0567651
-0.0239436	-0.0967668	-0.0550267
-0.0159624	-0.0921589	-0.0526204
-0.00798121	-0.087551	-0.0499479
0.	-0.0737271	-0.0411588
0.00798121	-0.0691192	-0.0374188
0.0159624	-0.0645112	-0.0341352
0.0239436	-0.0599033	-0.0316678
0.0319248	-0.0552953	-0.0307168
0.039906	-0.0506874	-0.03167
0.0478872	-0.0460794	-0.0341411
0.0558684	-0.0414715	-0.0374256
0.0638496	-0.0368636	-0.0411682
0.0718308	-0.0322556	-0.045303
0.0798119	-0.0276477	-0.0496109
-0.0798119	-0.119807	-0.0535986
-0.0718308	-0.115199	-0.0567683
-0.0638496	-0.110591	-0.0588519
-0.0558684	-0.105983	-0.0598408
-0.0478872	-0.101375	-0.0598401
-0.039906	-0.0967668	-0.0588476
-0.0319248	-0.0921589	-0.0567616
-0.0239436	-0.087551	-0.0535901
-0.0159624	-0.082943	-0.0496018
-0.00798121	-0.0783351	-0.0452934
0.	-0.0645112	-0.0317085
0.00798121	-0.0599033	-0.0265645
0.0159624	-0.0552953	-0.0223383
0.0239436	-0.0506874	-0.0198274
0.0319248	-0.0460794	-0.0198284
0.039906	-0.0414715	-0.0223422
0.0478872	-0.0368636	-0.0265707
0.0558684	-0.0322556	-0.0317167
0.0638496	-0.0276477	-0.037423
0.0718308	-0.0230397	-0.0434308
0.0798119	-0.0184318	-0.0492082
-0.0798119	-0.110591	-0.0541071
-0.0718308	-0.105983	-0.0576979
-0.0638496	-0.101375	-0.0598368
-0.0558684	-0.0967668	-0.0605398
-0.0478872	-0.0921589	-0.0598338
-0.039906	-0.087551	-0.0576923
-0.0319248	-0.082943	-0.0540994
-0.0239436	-0.0783351	-0.0491996
-0.0159624	-0.0737271	-0.0434218
-0.00798121	-0.0691192	-0.0374139
0.	-0.0552953	-0.019611
0.00798121	-0.0506874	-0.013651
0.0159624	-0.0460794	-0.00937383
0.0239436	-0.0414715	-0.00777857
0.0319248	-0.0368636	-0.00937598
0.039906	-0.0322556	-0.013655
0.0478872	-0.0276477	-0.0196175
0.0558684	-0.0230397	-0.0265672
0.0638496	-0.0184318	-0.0341338
0.0718308	-0.0138238	-0.0417862
0.0798119	-0.00921589	-0.0487212
-0.0798119	-0.101375	-0.0542311
-0.0718308	-0.0967668	-0.0579647
-0.0638496	-0.0921589	-0.0598324
-0.0558684	-0.087551	-0.0598305
-0.0478872	-0.082943	-0.0579607
-0.039906	-0.0783351	-0.0542252
-0.0319248	-0.0737271	-0.0487141
-0.0239436	-0.0691192	-0.0417781
-0.0159624	-0.0645112	-0.0341254
-0.00798121	-0.0599033	-0.0265594
0.	-0.0460794	-0.00613366
0.00798121	-0.0414715	-0.000287189
0.0159624	-0.0368635	0.00304379
0.0239436	-0.0322556	0.00304279
0.0319248	-0.0276477	-0.000290258
0.039906	-0.0230397	-0.0061373
0.0478872	-0.0184318	-0.0136523
0.0558684	-0.0138238	-0.0223353
0.0638496	-0.00921589	-0.0316593
0.0718308	-0.00460794	-0.0407209
0.0798119	           -13
-7.72313 10	-0.0484807
-0.0798119	-0.0921589	-0.0542256
-0.0718308	-0.087551	-0.0576873
-0.0638496	-0.082943	-0.058836
-0.0558684	-0.0783351	-0.0576848
-0.0478872	-0.0737271	-0.0542215
-0.039906	-0.0691192	-0.0484747
-0.0319248	-0.0645112	-0.0407143
-0.0239436	-0.0599033	-0.0316529
-0.0159624	-0.0552953	-0.0223292
-0.00798121	-0.0506874	-0.0136475
0.	-0.0368636	0.00693311
0.00798121	-0.0322556	0.0117709
0.0159624	-0.0276477	0.0135101
0.0239436	-0.0230397	0.0117696
0.0319248	-0.0184318	0.00693146
0.039906	-0.0138238	-0.000287258
0.0478872	-0.00921589	-0.00936975
0.0558684	-0.00460794	-0.0198181
0.0638496	           -13
-6.17846 10	-0.0307024
0.0718308	0.00460794	-0.0407153
0.0798119	0.00921589	-0.0487104
-0.0798119	-0.082943	-0.0540916
-0.0718308	-0.0783351	-0.0567483
-0.0638496	-0.0737271	-0.0567463
-0.0558684	-0.0691192	-0.0540881
-0.0478872	-0.0645112	-0.0487063
-0.039906	-0.0599033	-0.0407104
-0.0319248	-0.0552953	-0.030697
-0.0239436	-0.0506874	-0.0198131
-0.0159624	-0.0460795	-0.00936643
-0.00798121	-0.0414715	-0.000284873
0.	-0.0276477	0.0179888
0.00798121	-0.0230397	0.0212985
0.0159624	-0.0184318	0.0212985
0.0239436	-0.0138238	0.0179886
0.0319248	-0.00921589	0.0117712
0.039906	-0.00460794	0.00304743
0.0478872	           -13
-4.63386 10	-0.00776961
0.0558684	0.00460794	-0.0198133
0.0638496	0.00921589	-0.0316494
0.0718308	0.0138238	-0.041771
0.0798119	0.0184318	-0.0491883
-0.0798119	-0.0737271	-0.0535747
-0.0718308	-0.0691192	-0.0550062
-0.0638496	-0.0645112	-0.0535719
-0.0558684	-0.0599033	-0.0491852
-0.0478872	-0.0552953	-0.0417677
-0.039906	-0.0506874	-0.0316456
-0.0319248	-0.0460794	-0.0198099
-0.0239436	-0.0414715	-0.00776632
-0.0159624	-0.0368636	0.00304941
-0.00798121	-0.0322556	0.0117718
0.	-0.0184318	0.026115
0.00798121	-0.0138238	0.0277565
0.0159624	-0.0092159	0.0261155
0.0239436	-0.00460796	0.0212991
0.0319248	           -8
-1.93537 10	0.0135133
0.039906	0.00460793	0.00305001
0.0478872	0.00921587	-0.00936254
0.0558684	0.0138238	-0.0223223
0.0638496	0.0184318	-0.0341151
0.0718308	0.0230397	-0.0434074
0.0798119	0.0276476	-0.0495842
-0.0798119	-0.0645112	-0.0525993
-0.0718308	-0.0599033	-0.0525977
-0.0638496	-0.0552954	-0.0495818
-0.0558684	-0.0506874	-0.0434054
-0.0478872	-0.0460795	-0.0341127
-0.039906	-0.0414715	-0.0223198
-0.0319248	-0.0368636	-0.00935991
-0.0239436	-0.0322556	0.00305175
-0.0159624	-0.0276477	0.0135141
-0.00798121	-0.0230398	0.0212991
0.	-0.00921591	0.0310015
0.00798121	-0.00460795	0.0310018
0.0159624	           -9
-9.67685 10	0.027757
0.0239436	0.00460793	0.0213001
0.0319248	0.00921587	0.0117746
0.039906	0.0138238	-0.000278986
0.0478872	0.0184318	-0.0136378
0.0558684	0.0230397	-0.0265464
0.0638496	0.0276476	-0.0373972
0.0718308	0.0322556	-0.0452739
0.0798119	0.0368635	-0.0499256
-0.0798119	-0.0552954	-0.0514466
-0.0718308	-0.0506874	-0.0499242
-0.0638496	-0.0460795	-0.0452727
-0.0558684	-0.0414715	-0.0373964
-0.0478872	-0.0368636	-0.0265452
-0.039906	-0.0322556	-0.0136362
-0.0319248	-0.0276477	-0.000277519
-0.0239436	-0.0230397	0.0117757
-0.0159624	-0.0184318	0.0213005
-0.00798121	-0.0138239	0.0277567